__metadata,ID,ROW_ID,PLANT,SIM_ROUND,SIM_STEP,SIM_DATE,SIM_PERIOD,SIM_ELAPSED_STEPS,STORAGE_LOCATION,MATERIAL_NUMBER,MATERIAL_DESCRIPTION,INVENTORY_OPENING_BALANCE,UNIT
"{'id': ""http://e05.bi.ucc.cit.tum.de/odata/935/Inventory('.1~1')"", 'uri': ""http://e05.bi.ucc.cit.tum.de/odata/935/Inventory('.1~1')"", 'type': 'ZCDS_ODATA_SIMULATION_SRV.Inventory'}",.1~1,1,JJ,01,01,01/01,1,1,02,JJ-F01,500g Nut Muesli,0,ST
"{'id': ""http://e05.bi.ucc.cit.tum.de/odata/935/Inventory('.1~2')"", 'uri': ""http://e05.bi.ucc.cit.tum.de/odata/935/Inventory('.1~2')"", 'type': 'ZCDS_ODATA_SIMULATION_SRV.Inventory'}",.1~2,2,JJ,01,01,01/01,1,1,02,JJ-F02,500g Blueberry Muesli,0,ST
"{'id': ""http://e05.bi.ucc.cit.tum.de/odata/935/Inventory('.1~3')"", 'uri': ""http://e05.bi.ucc.cit.tum.de/odata/935/Inventory('.1~3')"", 'type': 'ZCDS_ODATA_SIMULATION_SRV.Inventory'}",.1~3,3,JJ,01,01,01/01,1,1,02,JJ-F03,500g Strawberry Muesli,0,ST
"{'id': ""http://e05.bi.ucc.cit.tum.de/odata/935/Inventory('.1~4')"", 'uri': ""http://e05.bi.ucc.cit.tum.de/odata/935/Inventory('.1~4')"", 'type': 'ZCDS_ODATA_SIMULATION_SRV.Inventory'}",.1~4,4,JJ,01,01,01/01,1,1,02,JJ-F04,500g Raisin Muesli,0,ST
"{'id': ""http://e05.bi.ucc.cit.tum.de/odata/935/Inventory('.1~5')"", 'uri': ""http://e05.bi.ucc.cit.tum.de/odata/935/Inventory('.1~5')"", 'type': 'ZCDS_ODATA_SIMULATION_SRV.Inventory'}",.1~5,5,JJ,01,01,01/01,1,1,02,JJ-F05,500g Original Muesli,0,ST
"{'id': ""http://e05.bi.ucc.cit.tum.de/odata/935/Inventory('.1~6')"", 'uri': ""http://e05.bi.ucc.cit.tum.de/odata/935/Inventory('.1~6')"", 'type': 'ZCDS_ODATA_SIMULATION_SRV.Inventory'}",.1~6,6,JJ,01,01,01/01,1,1,02,JJ-F06,500g Mixed Fruit Muesli,0,ST
"{'id': ""http://e05.bi.ucc.cit.tum.de/odata/935/Inventory('.1~7')"", 'uri': ""http://e05.bi.ucc.cit.tum.de/odata/935/Inventory('.1~7')"", 'type': 'ZCDS_ODATA_SIMULATION_SRV.Inventory'}",.1~7,7,JJ,01,01,01/01,1,1,02,JJ-F11,1kg Nut Muesli,0,ST
"{'id': ""http://e05.bi.ucc.cit.tum.de/odata/935/Inventory('.1~8')"", 'uri': ""http://e05.bi.ucc.cit.tum.de/odata/935/Inventory('.1~8')"", 'type': 'ZCDS_ODATA_SIMULATION_SRV.Inventory'}",.1~8,8,JJ,01,01,01/01,1,1,02,JJ-F12,1kg Blueberry Muesli,0,ST
"{'id': ""http://e05.bi.ucc.cit.tum.de/odata/935/Inventory('.1~9')"", 'uri': ""http://e05.bi.ucc.cit.tum.de/odata/935/Inventory('.1~9')"", 'type': 'ZCDS_ODATA_SIMULATION_SRV.Inventory'}",.1~9,9,JJ,01,01,01/01,1,1,02,JJ-F13,1kg Strawberry Muesli,0,ST
"{'id': ""http://e05.bi.ucc.cit.tum.de/odata/935/Inventory('.1~10')"", 'uri': ""http://e05.bi.ucc.cit.tum.de/odata/935/Inventory('.1~10')"", 'type': 'ZCDS_ODATA_SIMULATION_SRV.Inventory'}",.1~10,10,JJ,01,01,01/01,1,1,02,JJ-F14,1kg Raisin Muesli,0,ST
"{'id': ""http://e05.bi.ucc.cit.tum.de/odata/935/Inventory('.1~11')"", 'uri': ""http://e05.bi.ucc.cit.tum.de/odata/935/Inventory('.1~11')"", 'type': 'ZCDS_ODATA_SIMULATION_SRV.Inventory'}",.1~11,11,JJ,01,01,01/01,1,1,02,JJ-F15,1kg Original Muesli,0,ST
"{'id': ""http://e05.bi.ucc.cit.tum.de/odata/935/Inventory('.1~12')"", 'uri': ""http://e05.bi.ucc.cit.tum.de/odata/935/Inventory('.1~12')"", 'type': 'ZCDS_ODATA_SIMULATION_SRV.Inventory'}",.1~12,12,JJ,01,01,01/01,1,1,02,JJ-F16,1kg Mixed Fruit Muesli,0,ST
"{'id': ""http://e05.bi.ucc.cit.tum.de/odata/935/Inventory('.1~13')"", 'uri': ""http://e05.bi.ucc.cit.tum.de/odata/935/Inventory('.1~13')"", 'type': 'ZCDS_ODATA_SIMULATION_SRV.Inventory'}",.1~13,13,JJ,01,01,01/01,1,1,02N,JJ-F01,500g Nut Muesli,0,ST
"{'id': ""http://e05.bi.ucc.cit.tum.de/odata/935/Inventory('.1~14')"", 'uri': ""http://e05.bi.ucc.cit.tum.de/odata/935/Inventory('.1~14')"", 'type': 'ZCDS_ODATA_SIMULATION_SRV.Inventory'}",.1~14,14,JJ,01,01,01/01,1,1,02N,JJ-F02,500g Blueberry Muesli,0,ST
"{'id': ""http://e05.bi.ucc.cit.tum.de/odata/935/Inventory('.1~15')"", 'uri': ""http://e05.bi.ucc.cit.tum.de/odata/935/Inventory('.1~15')"", 'type': 'ZCDS_ODATA_SIMULATION_SRV.Inventory'}",.1~15,15,JJ,01,01,01/01,1,1,02N,JJ-F03,500g Strawberry Muesli,0,ST
"{'id': ""http://e05.bi.ucc.cit.tum.de/odata/935/Inventory('.1~16')"", 'uri': ""http://e05.bi.ucc.cit.tum.de/odata/935/Inventory('.1~16')"", 'type': 'ZCDS_ODATA_SIMULATION_SRV.Inventory'}",.1~16,16,JJ,01,01,01/01,1,1,02N,JJ-F04,500g Raisin Muesli,0,ST
"{'id': ""http://e05.bi.ucc.cit.tum.de/odata/935/Inventory('.1~17')"", 'uri': ""http://e05.bi.ucc.cit.tum.de/odata/935/Inventory('.1~17')"", 'type': 'ZCDS_ODATA_SIMULATION_SRV.Inventory'}",.1~17,17,JJ,01,01,01/01,1,1,02N,JJ-F05,500g Original Muesli,0,ST
"{'id': ""http://e05.bi.ucc.cit.tum.de/odata/935/Inventory('.1~18')"", 'uri': ""http://e05.bi.ucc.cit.tum.de/odata/935/Inventory('.1~18')"", 'type': 'ZCDS_ODATA_SIMULATION_SRV.Inventory'}",.1~18,18,JJ,01,01,01/01,1,1,02N,JJ-F06,500g Mixed Fruit Muesli,0,ST
"{'id': ""http://e05.bi.ucc.cit.tum.de/odata/935/Inventory('.1~19')"", 'uri': ""http://e05.bi.ucc.cit.tum.de/odata/935/Inventory('.1~19')"", 'type': 'ZCDS_ODATA_SIMULATION_SRV.Inventory'}",.1~19,19,JJ,01,01,01/01,1,1,02N,JJ-F11,1kg Nut Muesli,0,ST
"{'id': ""http://e05.bi.ucc.cit.tum.de/odata/935/Inventory('.1~20')"", 'uri': ""http://e05.bi.ucc.cit.tum.de/odata/935/Inventory('.1~20')"", 'type': 'ZCDS_ODATA_SIMULATION_SRV.Inventory'}",.1~20,20,JJ,01,01,01/01,1,1,02N,JJ-F12,1kg Blueberry Muesli,0,ST
"{'id': ""http://e05.bi.ucc.cit.tum.de/odata/935/Inventory('.1~21')"", 'uri': ""http://e05.bi.ucc.cit.tum.de/odata/935/Inventory('.1~21')"", 'type': 'ZCDS_ODATA_SIMULATION_SRV.Inventory'}",.1~21,21,JJ,01,01,01/01,1,1,02N,JJ-F13,1kg Strawberry Muesli,0,ST
"{'id': ""http://e05.bi.ucc.cit.tum.de/odata/935/Inventory('.1~22')"", 'uri': ""http://e05.bi.ucc.cit.tum.de/odata/935/Inventory('.1~22')"", 'type': 'ZCDS_ODATA_SIMULATION_SRV.Inventory'}",.1~22,22,JJ,01,01,01/01,1,1,02N,JJ-F14,1kg Raisin Muesli,0,ST
"{'id': ""http://e05.bi.ucc.cit.tum.de/odata/935/Inventory('.1~23')"", 'uri': ""http://e05.bi.ucc.cit.tum.de/odata/935/Inventory('.1~23')"", 'type': 'ZCDS_ODATA_SIMULATION_SRV.Inventory'}",.1~23,23,JJ,01,01,01/01,1,1,02N,JJ-F15,1kg Original Muesli,0,ST
"{'id': ""http://e05.bi.ucc.cit.tum.de/odata/935/Inventory('.1~24')"", 'uri': ""http://e05.bi.ucc.cit.tum.de/odata/935/Inventory('.1~24')"", 'type': 'ZCDS_ODATA_SIMULATION_SRV.Inventory'}",.1~24,24,JJ,01,01,01/01,1,1,02N,JJ-F16,1kg Mixed Fruit Muesli,0,ST
"{'id': ""http://e05.bi.ucc.cit.tum.de/odata/935/Inventory('.1~25')"", 'uri': ""http://e05.bi.ucc.cit.tum.de/odata/935/Inventory('.1~25')"", 'type': 'ZCDS_ODATA_SIMULATION_SRV.Inventory'}",.1~25,25,JJ,01,01,01/01,1,1,02S,JJ-F01,500g Nut Muesli,0,ST
"{'id': ""http://e05.bi.ucc.cit.tum.de/odata/935/Inventory('.1~26')"", 'uri': ""http://e05.bi.ucc.cit.tum.de/odata/935/Inventory('.1~26')"", 'type': 'ZCDS_ODATA_SIMULATION_SRV.Inventory'}",.1~26,26,JJ,01,01,01/01,1,1,02S,JJ-F02,500g Blueberry Muesli,0,ST
"{'id': ""http://e05.bi.ucc.cit.tum.de/odata/935/Inventory('.1~27')"", 'uri': ""http://e05.bi.ucc.cit.tum.de/odata/935/Inventory('.1~27')"", 'type': 'ZCDS_ODATA_SIMULATION_SRV.Inventory'}",.1~27,27,JJ,01,01,01/01,1,1,02S,JJ-F03,500g Strawberry Muesli,0,ST
"{'id': ""http://e05.bi.ucc.cit.tum.de/odata/935/Inventory('.1~28')"", 'uri': ""http://e05.bi.ucc.cit.tum.de/odata/935/Inventory('.1~28')"", 'type': 'ZCDS_ODATA_SIMULATION_SRV.Inventory'}",.1~28,28,JJ,01,01,01/01,1,1,02S,JJ-F04,500g Raisin Muesli,0,ST
"{'id': ""http://e05.bi.ucc.cit.tum.de/odata/935/Inventory('.1~29')"", 'uri': ""http://e05.bi.ucc.cit.tum.de/odata/935/Inventory('.1~29')"", 'type': 'ZCDS_ODATA_SIMULATION_SRV.Inventory'}",.1~29,29,JJ,01,01,01/01,1,1,02S,JJ-F05,500g Original Muesli,0,ST
"{'id': ""http://e05.bi.ucc.cit.tum.de/odata/935/Inventory('.1~30')"", 'uri': ""http://e05.bi.ucc.cit.tum.de/odata/935/Inventory('.1~30')"", 'type': 'ZCDS_ODATA_SIMULATION_SRV.Inventory'}",.1~30,30,JJ,01,01,01/01,1,1,02S,JJ-F06,500g Mixed Fruit Muesli,0,ST
"{'id': ""http://e05.bi.ucc.cit.tum.de/odata/935/Inventory('.1~31')"", 'uri': ""http://e05.bi.ucc.cit.tum.de/odata/935/Inventory('.1~31')"", 'type': 'ZCDS_ODATA_SIMULATION_SRV.Inventory'}",.1~31,31,JJ,01,01,01/01,1,1,02S,JJ-F11,1kg Nut Muesli,0,ST
"{'id': ""http://e05.bi.ucc.cit.tum.de/odata/935/Inventory('.1~32')"", 'uri': ""http://e05.bi.ucc.cit.tum.de/odata/935/Inventory('.1~32')"", 'type': 'ZCDS_ODATA_SIMULATION_SRV.Inventory'}",.1~32,32,JJ,01,01,01/01,1,1,02S,JJ-F12,1kg Blueberry Muesli,0,ST
"{'id': ""http://e05.bi.ucc.cit.tum.de/odata/935/Inventory('.1~33')"", 'uri': ""http://e05.bi.ucc.cit.tum.de/odata/935/Inventory('.1~33')"", 'type': 'ZCDS_ODATA_SIMULATION_SRV.Inventory'}",.1~33,33,JJ,01,01,01/01,1,1,02S,JJ-F13,1kg Strawberry Muesli,0,ST
"{'id': ""http://e05.bi.ucc.cit.tum.de/odata/935/Inventory('.1~34')"", 'uri': ""http://e05.bi.ucc.cit.tum.de/odata/935/Inventory('.1~34')"", 'type': 'ZCDS_ODATA_SIMULATION_SRV.Inventory'}",.1~34,34,JJ,01,01,01/01,1,1,02S,JJ-F14,1kg Raisin Muesli,0,ST
"{'id': ""http://e05.bi.ucc.cit.tum.de/odata/935/Inventory('.1~35')"", 'uri': ""http://e05.bi.ucc.cit.tum.de/odata/935/Inventory('.1~35')"", 'type': 'ZCDS_ODATA_SIMULATION_SRV.Inventory'}",.1~35,35,JJ,01,01,01/01,1,1,02S,JJ-F15,1kg Original Muesli,0,ST
"{'id': ""http://e05.bi.ucc.cit.tum.de/odata/935/Inventory('.1~36')"", 'uri': ""http://e05.bi.ucc.cit.tum.de/odata/935/Inventory('.1~36')"", 'type': 'ZCDS_ODATA_SIMULATION_SRV.Inventory'}",.1~36,36,JJ,01,01,01/01,1,1,02S,JJ-F16,1kg Mixed Fruit Muesli,0,ST
"{'id': ""http://e05.bi.ucc.cit.tum.de/odata/935/Inventory('.1~37')"", 'uri': ""http://e05.bi.ucc.cit.tum.de/odata/935/Inventory('.1~37')"", 'type': 'ZCDS_ODATA_SIMULATION_SRV.Inventory'}",.1~37,37,JJ,01,01,01/01,1,1,02W,JJ-F01,500g Nut Muesli,0,ST
"{'id': ""http://e05.bi.ucc.cit.tum.de/odata/935/Inventory('.1~38')"", 'uri': ""http://e05.bi.ucc.cit.tum.de/odata/935/Inventory('.1~38')"", 'type': 'ZCDS_ODATA_SIMULATION_SRV.Inventory'}",.1~38,38,JJ,01,01,01/01,1,1,02W,JJ-F02,500g Blueberry Muesli,0,ST
"{'id': ""http://e05.bi.ucc.cit.tum.de/odata/935/Inventory('.1~39')"", 'uri': ""http://e05.bi.ucc.cit.tum.de/odata/935/Inventory('.1~39')"", 'type': 'ZCDS_ODATA_SIMULATION_SRV.Inventory'}",.1~39,39,JJ,01,01,01/01,1,1,02W,JJ-F03,500g Strawberry Muesli,0,ST
"{'id': ""http://e05.bi.ucc.cit.tum.de/odata/935/Inventory('.1~40')"", 'uri': ""http://e05.bi.ucc.cit.tum.de/odata/935/Inventory('.1~40')"", 'type': 'ZCDS_ODATA_SIMULATION_SRV.Inventory'}",.1~40,40,JJ,01,01,01/01,1,1,02W,JJ-F04,500g Raisin Muesli,0,ST
"{'id': ""http://e05.bi.ucc.cit.tum.de/odata/935/Inventory('.1~41')"", 'uri': ""http://e05.bi.ucc.cit.tum.de/odata/935/Inventory('.1~41')"", 'type': 'ZCDS_ODATA_SIMULATION_SRV.Inventory'}",.1~41,41,JJ,01,01,01/01,1,1,02W,JJ-F05,500g Original Muesli,0,ST
"{'id': ""http://e05.bi.ucc.cit.tum.de/odata/935/Inventory('.1~42')"", 'uri': ""http://e05.bi.ucc.cit.tum.de/odata/935/Inventory('.1~42')"", 'type': 'ZCDS_ODATA_SIMULATION_SRV.Inventory'}",.1~42,42,JJ,01,01,01/01,1,1,02W,JJ-F06,500g Mixed Fruit Muesli,0,ST
"{'id': ""http://e05.bi.ucc.cit.tum.de/odata/935/Inventory('.1~43')"", 'uri': ""http://e05.bi.ucc.cit.tum.de/odata/935/Inventory('.1~43')"", 'type': 'ZCDS_ODATA_SIMULATION_SRV.Inventory'}",.1~43,43,JJ,01,01,01/01,1,1,02W,JJ-F11,1kg Nut Muesli,0,ST
"{'id': ""http://e05.bi.ucc.cit.tum.de/odata/935/Inventory('.1~44')"", 'uri': ""http://e05.bi.ucc.cit.tum.de/odata/935/Inventory('.1~44')"", 'type': 'ZCDS_ODATA_SIMULATION_SRV.Inventory'}",.1~44,44,JJ,01,01,01/01,1,1,02W,JJ-F12,1kg Blueberry Muesli,0,ST
"{'id': ""http://e05.bi.ucc.cit.tum.de/odata/935/Inventory('.1~45')"", 'uri': ""http://e05.bi.ucc.cit.tum.de/odata/935/Inventory('.1~45')"", 'type': 'ZCDS_ODATA_SIMULATION_SRV.Inventory'}",.1~45,45,JJ,01,01,01/01,1,1,02W,JJ-F13,1kg Strawberry Muesli,0,ST
"{'id': ""http://e05.bi.ucc.cit.tum.de/odata/935/Inventory('.1~46')"", 'uri': ""http://e05.bi.ucc.cit.tum.de/odata/935/Inventory('.1~46')"", 'type': 'ZCDS_ODATA_SIMULATION_SRV.Inventory'}",.1~46,46,JJ,01,01,01/01,1,1,02W,JJ-F14,1kg Raisin Muesli,0,ST
"{'id': ""http://e05.bi.ucc.cit.tum.de/odata/935/Inventory('.1~47')"", 'uri': ""http://e05.bi.ucc.cit.tum.de/odata/935/Inventory('.1~47')"", 'type': 'ZCDS_ODATA_SIMULATION_SRV.Inventory'}",.1~47,47,JJ,01,01,01/01,1,1,02W,JJ-F15,1kg Original Muesli,0,ST
"{'id': ""http://e05.bi.ucc.cit.tum.de/odata/935/Inventory('.1~48')"", 'uri': ""http://e05.bi.ucc.cit.tum.de/odata/935/Inventory('.1~48')"", 'type': 'ZCDS_ODATA_SIMULATION_SRV.Inventory'}",.1~48,48,JJ,01,01,01/01,1,1,02W,JJ-F16,1kg Mixed Fruit Muesli,0,ST
"{'id': ""http://e05.bi.ucc.cit.tum.de/odata/935/Inventory('.1~49')"", 'uri': ""http://e05.bi.ucc.cit.tum.de/odata/935/Inventory('.1~49')"", 'type': 'ZCDS_ODATA_SIMULATION_SRV.Inventory'}",.1~49,49,JJ,01,01,01/01,1,1,88,JJ-P01,Large Box (1kg),0,ST
"{'id': ""http://e05.bi.ucc.cit.tum.de/odata/935/Inventory('.1~50')"", 'uri': ""http://e05.bi.ucc.cit.tum.de/odata/935/Inventory('.1~50')"", 'type': 'ZCDS_ODATA_SIMULATION_SRV.Inventory'}",.1~50,50,JJ,01,01,01/01,1,1,88,JJ-P02,Large Bag (1kg),0,ST
"{'id': ""http://e05.bi.ucc.cit.tum.de/odata/935/Inventory('.1~51')"", 'uri': ""http://e05.bi.ucc.cit.tum.de/odata/935/Inventory('.1~51')"", 'type': 'ZCDS_ODATA_SIMULATION_SRV.Inventory'}",.1~51,51,JJ,01,01,01/01,1,1,88,JJ-P03,Small Box (500g),0,ST
"{'id': ""http://e05.bi.ucc.cit.tum.de/odata/935/Inventory('.1~52')"", 'uri': ""http://e05.bi.ucc.cit.tum.de/odata/935/Inventory('.1~52')"", 'type': 'ZCDS_ODATA_SIMULATION_SRV.Inventory'}",.1~52,52,JJ,01,01,01/01,1,1,88,JJ-P04,Small Bag (500g),0,ST
"{'id': ""http://e05.bi.ucc.cit.tum.de/odata/935/Inventory('.1~53')"", 'uri': ""http://e05.bi.ucc.cit.tum.de/odata/935/Inventory('.1~53')"", 'type': 'ZCDS_ODATA_SIMULATION_SRV.Inventory'}",.1~53,53,JJ,01,01,01/01,1,1,88,JJ-R01,Nuts,0.000,KG
"{'id': ""http://e05.bi.ucc.cit.tum.de/odata/935/Inventory('.1~54')"", 'uri': ""http://e05.bi.ucc.cit.tum.de/odata/935/Inventory('.1~54')"", 'type': 'ZCDS_ODATA_SIMULATION_SRV.Inventory'}",.1~54,54,JJ,01,01,01/01,1,1,88,JJ-R02,Blueberries,0.000,KG
"{'id': ""http://e05.bi.ucc.cit.tum.de/odata/935/Inventory('.1~55')"", 'uri': ""http://e05.bi.ucc.cit.tum.de/odata/935/Inventory('.1~55')"", 'type': 'ZCDS_ODATA_SIMULATION_SRV.Inventory'}",.1~55,55,JJ,01,01,01/01,1,1,88,JJ-R03,Strawberries,0.000,KG
"{'id': ""http://e05.bi.ucc.cit.tum.de/odata/935/Inventory('.1~56')"", 'uri': ""http://e05.bi.ucc.cit.tum.de/odata/935/Inventory('.1~56')"", 'type': 'ZCDS_ODATA_SIMULATION_SRV.Inventory'}",.1~56,56,JJ,01,01,01/01,1,1,88,JJ-R04,Raisins,0.000,KG
"{'id': ""http://e05.bi.ucc.cit.tum.de/odata/935/Inventory('.1~57')"", 'uri': ""http://e05.bi.ucc.cit.tum.de/odata/935/Inventory('.1~57')"", 'type': 'ZCDS_ODATA_SIMULATION_SRV.Inventory'}",.1~57,57,JJ,01,01,01/01,1,1,88,JJ-R05,Wheat,0.000,KG
"{'id': ""http://e05.bi.ucc.cit.tum.de/odata/935/Inventory('.1~58')"", 'uri': ""http://e05.bi.ucc.cit.tum.de/odata/935/Inventory('.1~58')"", 'type': 'ZCDS_ODATA_SIMULATION_SRV.Inventory'}",.1~58,58,JJ,01,01,01/01,1,1,88,JJ-R06,Oats,0.000,KG
"{'id': ""http://e05.bi.ucc.cit.tum.de/odata/935/Inventory('.1~59')"", 'uri': ""http://e05.bi.ucc.cit.tum.de/odata/935/Inventory('.1~59')"", 'type': 'ZCDS_ODATA_SIMULATION_SRV.Inventory'}",.1~59,59,JJ,01,02,01/02,1,2,02,JJ-F01,500g Nut Muesli,0,ST
"{'id': ""http://e05.bi.ucc.cit.tum.de/odata/935/Inventory('.1~60')"", 'uri': ""http://e05.bi.ucc.cit.tum.de/odata/935/Inventory('.1~60')"", 'type': 'ZCDS_ODATA_SIMULATION_SRV.Inventory'}",.1~60,60,JJ,01,02,01/02,1,2,02,JJ-F02,500g Blueberry Muesli,0,ST
"{'id': ""http://e05.bi.ucc.cit.tum.de/odata/935/Inventory('.1~61')"", 'uri': ""http://e05.bi.ucc.cit.tum.de/odata/935/Inventory('.1~61')"", 'type': 'ZCDS_ODATA_SIMULATION_SRV.Inventory'}",.1~61,61,JJ,01,02,01/02,1,2,02,JJ-F03,500g Strawberry Muesli,0,ST
"{'id': ""http://e05.bi.ucc.cit.tum.de/odata/935/Inventory('.1~62')"", 'uri': ""http://e05.bi.ucc.cit.tum.de/odata/935/Inventory('.1~62')"", 'type': 'ZCDS_ODATA_SIMULATION_SRV.Inventory'}",.1~62,62,JJ,01,02,01/02,1,2,02,JJ-F04,500g Raisin Muesli,0,ST
"{'id': ""http://e05.bi.ucc.cit.tum.de/odata/935/Inventory('.1~63')"", 'uri': ""http://e05.bi.ucc.cit.tum.de/odata/935/Inventory('.1~63')"", 'type': 'ZCDS_ODATA_SIMULATION_SRV.Inventory'}",.1~63,63,JJ,01,02,01/02,1,2,02,JJ-F05,500g Original Muesli,0,ST
"{'id': ""http://e05.bi.ucc.cit.tum.de/odata/935/Inventory('.1~64')"", 'uri': ""http://e05.bi.ucc.cit.tum.de/odata/935/Inventory('.1~64')"", 'type': 'ZCDS_ODATA_SIMULATION_SRV.Inventory'}",.1~64,64,JJ,01,02,01/02,1,2,02,JJ-F06,500g Mixed Fruit Muesli,0,ST
"{'id': ""http://e05.bi.ucc.cit.tum.de/odata/935/Inventory('.1~65')"", 'uri': ""http://e05.bi.ucc.cit.tum.de/odata/935/Inventory('.1~65')"", 'type': 'ZCDS_ODATA_SIMULATION_SRV.Inventory'}",.1~65,65,JJ,01,02,01/02,1,2,02,JJ-F11,1kg Nut Muesli,0,ST
"{'id': ""http://e05.bi.ucc.cit.tum.de/odata/935/Inventory('.1~66')"", 'uri': ""http://e05.bi.ucc.cit.tum.de/odata/935/Inventory('.1~66')"", 'type': 'ZCDS_ODATA_SIMULATION_SRV.Inventory'}",.1~66,66,JJ,01,02,01/02,1,2,02,JJ-F12,1kg Blueberry Muesli,0,ST
"{'id': ""http://e05.bi.ucc.cit.tum.de/odata/935/Inventory('.1~67')"", 'uri': ""http://e05.bi.ucc.cit.tum.de/odata/935/Inventory('.1~67')"", 'type': 'ZCDS_ODATA_SIMULATION_SRV.Inventory'}",.1~67,67,JJ,01,02,01/02,1,2,02,JJ-F13,1kg Strawberry Muesli,0,ST
"{'id': ""http://e05.bi.ucc.cit.tum.de/odata/935/Inventory('.1~68')"", 'uri': ""http://e05.bi.ucc.cit.tum.de/odata/935/Inventory('.1~68')"", 'type': 'ZCDS_ODATA_SIMULATION_SRV.Inventory'}",.1~68,68,JJ,01,02,01/02,1,2,02,JJ-F14,1kg Raisin Muesli,0,ST
"{'id': ""http://e05.bi.ucc.cit.tum.de/odata/935/Inventory('.1~69')"", 'uri': ""http://e05.bi.ucc.cit.tum.de/odata/935/Inventory('.1~69')"", 'type': 'ZCDS_ODATA_SIMULATION_SRV.Inventory'}",.1~69,69,JJ,01,02,01/02,1,2,02,JJ-F15,1kg Original Muesli,0,ST
"{'id': ""http://e05.bi.ucc.cit.tum.de/odata/935/Inventory('.1~70')"", 'uri': ""http://e05.bi.ucc.cit.tum.de/odata/935/Inventory('.1~70')"", 'type': 'ZCDS_ODATA_SIMULATION_SRV.Inventory'}",.1~70,70,JJ,01,02,01/02,1,2,02,JJ-F16,1kg Mixed Fruit Muesli,0,ST
"{'id': ""http://e05.bi.ucc.cit.tum.de/odata/935/Inventory('.1~71')"", 'uri': ""http://e05.bi.ucc.cit.tum.de/odata/935/Inventory('.1~71')"", 'type': 'ZCDS_ODATA_SIMULATION_SRV.Inventory'}",.1~71,71,JJ,01,02,01/02,1,2,02N,JJ-F01,500g Nut Muesli,0,ST
"{'id': ""http://e05.bi.ucc.cit.tum.de/odata/935/Inventory('.1~72')"", 'uri': ""http://e05.bi.ucc.cit.tum.de/odata/935/Inventory('.1~72')"", 'type': 'ZCDS_ODATA_SIMULATION_SRV.Inventory'}",.1~72,72,JJ,01,02,01/02,1,2,02N,JJ-F02,500g Blueberry Muesli,0,ST
"{'id': ""http://e05.bi.ucc.cit.tum.de/odata/935/Inventory('.1~73')"", 'uri': ""http://e05.bi.ucc.cit.tum.de/odata/935/Inventory('.1~73')"", 'type': 'ZCDS_ODATA_SIMULATION_SRV.Inventory'}",.1~73,73,JJ,01,02,01/02,1,2,02N,JJ-F03,500g Strawberry Muesli,0,ST
"{'id': ""http://e05.bi.ucc.cit.tum.de/odata/935/Inventory('.1~74')"", 'uri': ""http://e05.bi.ucc.cit.tum.de/odata/935/Inventory('.1~74')"", 'type': 'ZCDS_ODATA_SIMULATION_SRV.Inventory'}",.1~74,74,JJ,01,02,01/02,1,2,02N,JJ-F04,500g Raisin Muesli,0,ST
"{'id': ""http://e05.bi.ucc.cit.tum.de/odata/935/Inventory('.1~75')"", 'uri': ""http://e05.bi.ucc.cit.tum.de/odata/935/Inventory('.1~75')"", 'type': 'ZCDS_ODATA_SIMULATION_SRV.Inventory'}",.1~75,75,JJ,01,02,01/02,1,2,02N,JJ-F05,500g Original Muesli,0,ST
"{'id': ""http://e05.bi.ucc.cit.tum.de/odata/935/Inventory('.1~76')"", 'uri': ""http://e05.bi.ucc.cit.tum.de/odata/935/Inventory('.1~76')"", 'type': 'ZCDS_ODATA_SIMULATION_SRV.Inventory'}",.1~76,76,JJ,01,02,01/02,1,2,02N,JJ-F06,500g Mixed Fruit Muesli,0,ST
"{'id': ""http://e05.bi.ucc.cit.tum.de/odata/935/Inventory('.1~77')"", 'uri': ""http://e05.bi.ucc.cit.tum.de/odata/935/Inventory('.1~77')"", 'type': 'ZCDS_ODATA_SIMULATION_SRV.Inventory'}",.1~77,77,JJ,01,02,01/02,1,2,02N,JJ-F11,1kg Nut Muesli,0,ST
"{'id': ""http://e05.bi.ucc.cit.tum.de/odata/935/Inventory('.1~78')"", 'uri': ""http://e05.bi.ucc.cit.tum.de/odata/935/Inventory('.1~78')"", 'type': 'ZCDS_ODATA_SIMULATION_SRV.Inventory'}",.1~78,78,JJ,01,02,01/02,1,2,02N,JJ-F12,1kg Blueberry Muesli,0,ST
"{'id': ""http://e05.bi.ucc.cit.tum.de/odata/935/Inventory('.1~79')"", 'uri': ""http://e05.bi.ucc.cit.tum.de/odata/935/Inventory('.1~79')"", 'type': 'ZCDS_ODATA_SIMULATION_SRV.Inventory'}",.1~79,79,JJ,01,02,01/02,1,2,02N,JJ-F13,1kg Strawberry Muesli,0,ST
"{'id': ""http://e05.bi.ucc.cit.tum.de/odata/935/Inventory('.1~80')"", 'uri': ""http://e05.bi.ucc.cit.tum.de/odata/935/Inventory('.1~80')"", 'type': 'ZCDS_ODATA_SIMULATION_SRV.Inventory'}",.1~80,80,JJ,01,02,01/02,1,2,02N,JJ-F14,1kg Raisin Muesli,0,ST
"{'id': ""http://e05.bi.ucc.cit.tum.de/odata/935/Inventory('.1~81')"", 'uri': ""http://e05.bi.ucc.cit.tum.de/odata/935/Inventory('.1~81')"", 'type': 'ZCDS_ODATA_SIMULATION_SRV.Inventory'}",.1~81,81,JJ,01,02,01/02,1,2,02N,JJ-F15,1kg Original Muesli,0,ST
"{'id': ""http://e05.bi.ucc.cit.tum.de/odata/935/Inventory('.1~82')"", 'uri': ""http://e05.bi.ucc.cit.tum.de/odata/935/Inventory('.1~82')"", 'type': 'ZCDS_ODATA_SIMULATION_SRV.Inventory'}",.1~82,82,JJ,01,02,01/02,1,2,02N,JJ-F16,1kg Mixed Fruit Muesli,0,ST
"{'id': ""http://e05.bi.ucc.cit.tum.de/odata/935/Inventory('.1~83')"", 'uri': ""http://e05.bi.ucc.cit.tum.de/odata/935/Inventory('.1~83')"", 'type': 'ZCDS_ODATA_SIMULATION_SRV.Inventory'}",.1~83,83,JJ,01,02,01/02,1,2,02S,JJ-F01,500g Nut Muesli,0,ST
"{'id': ""http://e05.bi.ucc.cit.tum.de/odata/935/Inventory('.1~84')"", 'uri': ""http://e05.bi.ucc.cit.tum.de/odata/935/Inventory('.1~84')"", 'type': 'ZCDS_ODATA_SIMULATION_SRV.Inventory'}",.1~84,84,JJ,01,02,01/02,1,2,02S,JJ-F02,500g Blueberry Muesli,0,ST
"{'id': ""http://e05.bi.ucc.cit.tum.de/odata/935/Inventory('.1~85')"", 'uri': ""http://e05.bi.ucc.cit.tum.de/odata/935/Inventory('.1~85')"", 'type': 'ZCDS_ODATA_SIMULATION_SRV.Inventory'}",.1~85,85,JJ,01,02,01/02,1,2,02S,JJ-F03,500g Strawberry Muesli,0,ST
"{'id': ""http://e05.bi.ucc.cit.tum.de/odata/935/Inventory('.1~86')"", 'uri': ""http://e05.bi.ucc.cit.tum.de/odata/935/Inventory('.1~86')"", 'type': 'ZCDS_ODATA_SIMULATION_SRV.Inventory'}",.1~86,86,JJ,01,02,01/02,1,2,02S,JJ-F04,500g Raisin Muesli,0,ST
"{'id': ""http://e05.bi.ucc.cit.tum.de/odata/935/Inventory('.1~87')"", 'uri': ""http://e05.bi.ucc.cit.tum.de/odata/935/Inventory('.1~87')"", 'type': 'ZCDS_ODATA_SIMULATION_SRV.Inventory'}",.1~87,87,JJ,01,02,01/02,1,2,02S,JJ-F05,500g Original Muesli,0,ST
"{'id': ""http://e05.bi.ucc.cit.tum.de/odata/935/Inventory('.1~88')"", 'uri': ""http://e05.bi.ucc.cit.tum.de/odata/935/Inventory('.1~88')"", 'type': 'ZCDS_ODATA_SIMULATION_SRV.Inventory'}",.1~88,88,JJ,01,02,01/02,1,2,02S,JJ-F06,500g Mixed Fruit Muesli,0,ST
"{'id': ""http://e05.bi.ucc.cit.tum.de/odata/935/Inventory('.1~89')"", 'uri': ""http://e05.bi.ucc.cit.tum.de/odata/935/Inventory('.1~89')"", 'type': 'ZCDS_ODATA_SIMULATION_SRV.Inventory'}",.1~89,89,JJ,01,02,01/02,1,2,02S,JJ-F11,1kg Nut Muesli,0,ST
"{'id': ""http://e05.bi.ucc.cit.tum.de/odata/935/Inventory('.1~90')"", 'uri': ""http://e05.bi.ucc.cit.tum.de/odata/935/Inventory('.1~90')"", 'type': 'ZCDS_ODATA_SIMULATION_SRV.Inventory'}",.1~90,90,JJ,01,02,01/02,1,2,02S,JJ-F12,1kg Blueberry Muesli,0,ST
"{'id': ""http://e05.bi.ucc.cit.tum.de/odata/935/Inventory('.1~91')"", 'uri': ""http://e05.bi.ucc.cit.tum.de/odata/935/Inventory('.1~91')"", 'type': 'ZCDS_ODATA_SIMULATION_SRV.Inventory'}",.1~91,91,JJ,01,02,01/02,1,2,02S,JJ-F13,1kg Strawberry Muesli,0,ST
"{'id': ""http://e05.bi.ucc.cit.tum.de/odata/935/Inventory('.1~92')"", 'uri': ""http://e05.bi.ucc.cit.tum.de/odata/935/Inventory('.1~92')"", 'type': 'ZCDS_ODATA_SIMULATION_SRV.Inventory'}",.1~92,92,JJ,01,02,01/02,1,2,02S,JJ-F14,1kg Raisin Muesli,0,ST
"{'id': ""http://e05.bi.ucc.cit.tum.de/odata/935/Inventory('.1~93')"", 'uri': ""http://e05.bi.ucc.cit.tum.de/odata/935/Inventory('.1~93')"", 'type': 'ZCDS_ODATA_SIMULATION_SRV.Inventory'}",.1~93,93,JJ,01,02,01/02,1,2,02S,JJ-F15,1kg Original Muesli,0,ST
"{'id': ""http://e05.bi.ucc.cit.tum.de/odata/935/Inventory('.1~94')"", 'uri': ""http://e05.bi.ucc.cit.tum.de/odata/935/Inventory('.1~94')"", 'type': 'ZCDS_ODATA_SIMULATION_SRV.Inventory'}",.1~94,94,JJ,01,02,01/02,1,2,02S,JJ-F16,1kg Mixed Fruit Muesli,0,ST
"{'id': ""http://e05.bi.ucc.cit.tum.de/odata/935/Inventory('.1~95')"", 'uri': ""http://e05.bi.ucc.cit.tum.de/odata/935/Inventory('.1~95')"", 'type': 'ZCDS_ODATA_SIMULATION_SRV.Inventory'}",.1~95,95,JJ,01,02,01/02,1,2,02W,JJ-F01,500g Nut Muesli,0,ST
"{'id': ""http://e05.bi.ucc.cit.tum.de/odata/935/Inventory('.1~96')"", 'uri': ""http://e05.bi.ucc.cit.tum.de/odata/935/Inventory('.1~96')"", 'type': 'ZCDS_ODATA_SIMULATION_SRV.Inventory'}",.1~96,96,JJ,01,02,01/02,1,2,02W,JJ-F02,500g Blueberry Muesli,0,ST
"{'id': ""http://e05.bi.ucc.cit.tum.de/odata/935/Inventory('.1~97')"", 'uri': ""http://e05.bi.ucc.cit.tum.de/odata/935/Inventory('.1~97')"", 'type': 'ZCDS_ODATA_SIMULATION_SRV.Inventory'}",.1~97,97,JJ,01,02,01/02,1,2,02W,JJ-F03,500g Strawberry Muesli,0,ST
"{'id': ""http://e05.bi.ucc.cit.tum.de/odata/935/Inventory('.1~98')"", 'uri': ""http://e05.bi.ucc.cit.tum.de/odata/935/Inventory('.1~98')"", 'type': 'ZCDS_ODATA_SIMULATION_SRV.Inventory'}",.1~98,98,JJ,01,02,01/02,1,2,02W,JJ-F04,500g Raisin Muesli,0,ST
"{'id': ""http://e05.bi.ucc.cit.tum.de/odata/935/Inventory('.1~99')"", 'uri': ""http://e05.bi.ucc.cit.tum.de/odata/935/Inventory('.1~99')"", 'type': 'ZCDS_ODATA_SIMULATION_SRV.Inventory'}",.1~99,99,JJ,01,02,01/02,1,2,02W,JJ-F05,500g Original Muesli,0,ST
"{'id': ""http://e05.bi.ucc.cit.tum.de/odata/935/Inventory('.1~100')"", 'uri': ""http://e05.bi.ucc.cit.tum.de/odata/935/Inventory('.1~100')"", 'type': 'ZCDS_ODATA_SIMULATION_SRV.Inventory'}",.1~100,100,JJ,01,02,01/02,1,2,02W,JJ-F06,500g Mixed Fruit Muesli,0,ST
"{'id': ""http://e05.bi.ucc.cit.tum.de/odata/935/Inventory('.1~101')"", 'uri': ""http://e05.bi.ucc.cit.tum.de/odata/935/Inventory('.1~101')"", 'type': 'ZCDS_ODATA_SIMULATION_SRV.Inventory'}",.1~101,101,JJ,01,02,01/02,1,2,02W,JJ-F11,1kg Nut Muesli,0,ST
"{'id': ""http://e05.bi.ucc.cit.tum.de/odata/935/Inventory('.1~102')"", 'uri': ""http://e05.bi.ucc.cit.tum.de/odata/935/Inventory('.1~102')"", 'type': 'ZCDS_ODATA_SIMULATION_SRV.Inventory'}",.1~102,102,JJ,01,02,01/02,1,2,02W,JJ-F12,1kg Blueberry Muesli,0,ST
"{'id': ""http://e05.bi.ucc.cit.tum.de/odata/935/Inventory('.1~103')"", 'uri': ""http://e05.bi.ucc.cit.tum.de/odata/935/Inventory('.1~103')"", 'type': 'ZCDS_ODATA_SIMULATION_SRV.Inventory'}",.1~103,103,JJ,01,02,01/02,1,2,02W,JJ-F13,1kg Strawberry Muesli,0,ST
"{'id': ""http://e05.bi.ucc.cit.tum.de/odata/935/Inventory('.1~104')"", 'uri': ""http://e05.bi.ucc.cit.tum.de/odata/935/Inventory('.1~104')"", 'type': 'ZCDS_ODATA_SIMULATION_SRV.Inventory'}",.1~104,104,JJ,01,02,01/02,1,2,02W,JJ-F14,1kg Raisin Muesli,0,ST
"{'id': ""http://e05.bi.ucc.cit.tum.de/odata/935/Inventory('.1~105')"", 'uri': ""http://e05.bi.ucc.cit.tum.de/odata/935/Inventory('.1~105')"", 'type': 'ZCDS_ODATA_SIMULATION_SRV.Inventory'}",.1~105,105,JJ,01,02,01/02,1,2,02W,JJ-F15,1kg Original Muesli,0,ST
"{'id': ""http://e05.bi.ucc.cit.tum.de/odata/935/Inventory('.1~106')"", 'uri': ""http://e05.bi.ucc.cit.tum.de/odata/935/Inventory('.1~106')"", 'type': 'ZCDS_ODATA_SIMULATION_SRV.Inventory'}",.1~106,106,JJ,01,02,01/02,1,2,02W,JJ-F16,1kg Mixed Fruit Muesli,0,ST
"{'id': ""http://e05.bi.ucc.cit.tum.de/odata/935/Inventory('.1~107')"", 'uri': ""http://e05.bi.ucc.cit.tum.de/odata/935/Inventory('.1~107')"", 'type': 'ZCDS_ODATA_SIMULATION_SRV.Inventory'}",.1~107,107,JJ,01,02,01/02,1,2,88,JJ-P01,Large Box (1kg),0,ST
"{'id': ""http://e05.bi.ucc.cit.tum.de/odata/935/Inventory('.1~108')"", 'uri': ""http://e05.bi.ucc.cit.tum.de/odata/935/Inventory('.1~108')"", 'type': 'ZCDS_ODATA_SIMULATION_SRV.Inventory'}",.1~108,108,JJ,01,02,01/02,1,2,88,JJ-P02,Large Bag (1kg),0,ST
"{'id': ""http://e05.bi.ucc.cit.tum.de/odata/935/Inventory('.1~109')"", 'uri': ""http://e05.bi.ucc.cit.tum.de/odata/935/Inventory('.1~109')"", 'type': 'ZCDS_ODATA_SIMULATION_SRV.Inventory'}",.1~109,109,JJ,01,02,01/02,1,2,88,JJ-P03,Small Box (500g),0,ST
"{'id': ""http://e05.bi.ucc.cit.tum.de/odata/935/Inventory('.1~110')"", 'uri': ""http://e05.bi.ucc.cit.tum.de/odata/935/Inventory('.1~110')"", 'type': 'ZCDS_ODATA_SIMULATION_SRV.Inventory'}",.1~110,110,JJ,01,02,01/02,1,2,88,JJ-P04,Small Bag (500g),0,ST
"{'id': ""http://e05.bi.ucc.cit.tum.de/odata/935/Inventory('.1~111')"", 'uri': ""http://e05.bi.ucc.cit.tum.de/odata/935/Inventory('.1~111')"", 'type': 'ZCDS_ODATA_SIMULATION_SRV.Inventory'}",.1~111,111,JJ,01,02,01/02,1,2,88,JJ-R01,Nuts,0.000,KG
"{'id': ""http://e05.bi.ucc.cit.tum.de/odata/935/Inventory('.1~112')"", 'uri': ""http://e05.bi.ucc.cit.tum.de/odata/935/Inventory('.1~112')"", 'type': 'ZCDS_ODATA_SIMULATION_SRV.Inventory'}",.1~112,112,JJ,01,02,01/02,1,2,88,JJ-R02,Blueberries,0.000,KG
"{'id': ""http://e05.bi.ucc.cit.tum.de/odata/935/Inventory('.1~113')"", 'uri': ""http://e05.bi.ucc.cit.tum.de/odata/935/Inventory('.1~113')"", 'type': 'ZCDS_ODATA_SIMULATION_SRV.Inventory'}",.1~113,113,JJ,01,02,01/02,1,2,88,JJ-R03,Strawberries,0.000,KG
"{'id': ""http://e05.bi.ucc.cit.tum.de/odata/935/Inventory('.1~114')"", 'uri': ""http://e05.bi.ucc.cit.tum.de/odata/935/Inventory('.1~114')"", 'type': 'ZCDS_ODATA_SIMULATION_SRV.Inventory'}",.1~114,114,JJ,01,02,01/02,1,2,88,JJ-R04,Raisins,0.000,KG
"{'id': ""http://e05.bi.ucc.cit.tum.de/odata/935/Inventory('.1~115')"", 'uri': ""http://e05.bi.ucc.cit.tum.de/odata/935/Inventory('.1~115')"", 'type': 'ZCDS_ODATA_SIMULATION_SRV.Inventory'}",.1~115,115,JJ,01,02,01/02,1,2,88,JJ-R05,Wheat,0.000,KG
"{'id': ""http://e05.bi.ucc.cit.tum.de/odata/935/Inventory('.1~116')"", 'uri': ""http://e05.bi.ucc.cit.tum.de/odata/935/Inventory('.1~116')"", 'type': 'ZCDS_ODATA_SIMULATION_SRV.Inventory'}",.1~116,116,JJ,01,02,01/02,1,2,88,JJ-R06,Oats,0.000,KG
"{'id': ""http://e05.bi.ucc.cit.tum.de/odata/935/Inventory('.1~117')"", 'uri': ""http://e05.bi.ucc.cit.tum.de/odata/935/Inventory('.1~117')"", 'type': 'ZCDS_ODATA_SIMULATION_SRV.Inventory'}",.1~117,117,JJ,01,03,01/03,1,3,02,JJ-F01,500g Nut Muesli,0,ST
"{'id': ""http://e05.bi.ucc.cit.tum.de/odata/935/Inventory('.1~118')"", 'uri': ""http://e05.bi.ucc.cit.tum.de/odata/935/Inventory('.1~118')"", 'type': 'ZCDS_ODATA_SIMULATION_SRV.Inventory'}",.1~118,118,JJ,01,03,01/03,1,3,02,JJ-F02,500g Blueberry Muesli,0,ST
"{'id': ""http://e05.bi.ucc.cit.tum.de/odata/935/Inventory('.1~119')"", 'uri': ""http://e05.bi.ucc.cit.tum.de/odata/935/Inventory('.1~119')"", 'type': 'ZCDS_ODATA_SIMULATION_SRV.Inventory'}",.1~119,119,JJ,01,03,01/03,1,3,02,JJ-F03,500g Strawberry Muesli,0,ST
"{'id': ""http://e05.bi.ucc.cit.tum.de/odata/935/Inventory('.1~120')"", 'uri': ""http://e05.bi.ucc.cit.tum.de/odata/935/Inventory('.1~120')"", 'type': 'ZCDS_ODATA_SIMULATION_SRV.Inventory'}",.1~120,120,JJ,01,03,01/03,1,3,02,JJ-F04,500g Raisin Muesli,0,ST
"{'id': ""http://e05.bi.ucc.cit.tum.de/odata/935/Inventory('.1~121')"", 'uri': ""http://e05.bi.ucc.cit.tum.de/odata/935/Inventory('.1~121')"", 'type': 'ZCDS_ODATA_SIMULATION_SRV.Inventory'}",.1~121,121,JJ,01,03,01/03,1,3,02,JJ-F05,500g Original Muesli,0,ST
"{'id': ""http://e05.bi.ucc.cit.tum.de/odata/935/Inventory('.1~122')"", 'uri': ""http://e05.bi.ucc.cit.tum.de/odata/935/Inventory('.1~122')"", 'type': 'ZCDS_ODATA_SIMULATION_SRV.Inventory'}",.1~122,122,JJ,01,03,01/03,1,3,02,JJ-F06,500g Mixed Fruit Muesli,0,ST
"{'id': ""http://e05.bi.ucc.cit.tum.de/odata/935/Inventory('.1~123')"", 'uri': ""http://e05.bi.ucc.cit.tum.de/odata/935/Inventory('.1~123')"", 'type': 'ZCDS_ODATA_SIMULATION_SRV.Inventory'}",.1~123,123,JJ,01,03,01/03,1,3,02,JJ-F11,1kg Nut Muesli,0,ST
"{'id': ""http://e05.bi.ucc.cit.tum.de/odata/935/Inventory('.1~124')"", 'uri': ""http://e05.bi.ucc.cit.tum.de/odata/935/Inventory('.1~124')"", 'type': 'ZCDS_ODATA_SIMULATION_SRV.Inventory'}",.1~124,124,JJ,01,03,01/03,1,3,02,JJ-F12,1kg Blueberry Muesli,0,ST
"{'id': ""http://e05.bi.ucc.cit.tum.de/odata/935/Inventory('.1~125')"", 'uri': ""http://e05.bi.ucc.cit.tum.de/odata/935/Inventory('.1~125')"", 'type': 'ZCDS_ODATA_SIMULATION_SRV.Inventory'}",.1~125,125,JJ,01,03,01/03,1,3,02,JJ-F13,1kg Strawberry Muesli,0,ST
"{'id': ""http://e05.bi.ucc.cit.tum.de/odata/935/Inventory('.1~126')"", 'uri': ""http://e05.bi.ucc.cit.tum.de/odata/935/Inventory('.1~126')"", 'type': 'ZCDS_ODATA_SIMULATION_SRV.Inventory'}",.1~126,126,JJ,01,03,01/03,1,3,02,JJ-F14,1kg Raisin Muesli,0,ST
"{'id': ""http://e05.bi.ucc.cit.tum.de/odata/935/Inventory('.1~127')"", 'uri': ""http://e05.bi.ucc.cit.tum.de/odata/935/Inventory('.1~127')"", 'type': 'ZCDS_ODATA_SIMULATION_SRV.Inventory'}",.1~127,127,JJ,01,03,01/03,1,3,02,JJ-F15,1kg Original Muesli,0,ST
"{'id': ""http://e05.bi.ucc.cit.tum.de/odata/935/Inventory('.1~128')"", 'uri': ""http://e05.bi.ucc.cit.tum.de/odata/935/Inventory('.1~128')"", 'type': 'ZCDS_ODATA_SIMULATION_SRV.Inventory'}",.1~128,128,JJ,01,03,01/03,1,3,02,JJ-F16,1kg Mixed Fruit Muesli,0,ST
"{'id': ""http://e05.bi.ucc.cit.tum.de/odata/935/Inventory('.1~129')"", 'uri': ""http://e05.bi.ucc.cit.tum.de/odata/935/Inventory('.1~129')"", 'type': 'ZCDS_ODATA_SIMULATION_SRV.Inventory'}",.1~129,129,JJ,01,03,01/03,1,3,02N,JJ-F01,500g Nut Muesli,0,ST
"{'id': ""http://e05.bi.ucc.cit.tum.de/odata/935/Inventory('.1~130')"", 'uri': ""http://e05.bi.ucc.cit.tum.de/odata/935/Inventory('.1~130')"", 'type': 'ZCDS_ODATA_SIMULATION_SRV.Inventory'}",.1~130,130,JJ,01,03,01/03,1,3,02N,JJ-F02,500g Blueberry Muesli,0,ST
"{'id': ""http://e05.bi.ucc.cit.tum.de/odata/935/Inventory('.1~131')"", 'uri': ""http://e05.bi.ucc.cit.tum.de/odata/935/Inventory('.1~131')"", 'type': 'ZCDS_ODATA_SIMULATION_SRV.Inventory'}",.1~131,131,JJ,01,03,01/03,1,3,02N,JJ-F03,500g Strawberry Muesli,0,ST
"{'id': ""http://e05.bi.ucc.cit.tum.de/odata/935/Inventory('.1~132')"", 'uri': ""http://e05.bi.ucc.cit.tum.de/odata/935/Inventory('.1~132')"", 'type': 'ZCDS_ODATA_SIMULATION_SRV.Inventory'}",.1~132,132,JJ,01,03,01/03,1,3,02N,JJ-F04,500g Raisin Muesli,0,ST
"{'id': ""http://e05.bi.ucc.cit.tum.de/odata/935/Inventory('.1~133')"", 'uri': ""http://e05.bi.ucc.cit.tum.de/odata/935/Inventory('.1~133')"", 'type': 'ZCDS_ODATA_SIMULATION_SRV.Inventory'}",.1~133,133,JJ,01,03,01/03,1,3,02N,JJ-F05,500g Original Muesli,0,ST
"{'id': ""http://e05.bi.ucc.cit.tum.de/odata/935/Inventory('.1~134')"", 'uri': ""http://e05.bi.ucc.cit.tum.de/odata/935/Inventory('.1~134')"", 'type': 'ZCDS_ODATA_SIMULATION_SRV.Inventory'}",.1~134,134,JJ,01,03,01/03,1,3,02N,JJ-F06,500g Mixed Fruit Muesli,0,ST
"{'id': ""http://e05.bi.ucc.cit.tum.de/odata/935/Inventory('.1~135')"", 'uri': ""http://e05.bi.ucc.cit.tum.de/odata/935/Inventory('.1~135')"", 'type': 'ZCDS_ODATA_SIMULATION_SRV.Inventory'}",.1~135,135,JJ,01,03,01/03,1,3,02N,JJ-F11,1kg Nut Muesli,0,ST
"{'id': ""http://e05.bi.ucc.cit.tum.de/odata/935/Inventory('.1~136')"", 'uri': ""http://e05.bi.ucc.cit.tum.de/odata/935/Inventory('.1~136')"", 'type': 'ZCDS_ODATA_SIMULATION_SRV.Inventory'}",.1~136,136,JJ,01,03,01/03,1,3,02N,JJ-F12,1kg Blueberry Muesli,0,ST
"{'id': ""http://e05.bi.ucc.cit.tum.de/odata/935/Inventory('.1~137')"", 'uri': ""http://e05.bi.ucc.cit.tum.de/odata/935/Inventory('.1~137')"", 'type': 'ZCDS_ODATA_SIMULATION_SRV.Inventory'}",.1~137,137,JJ,01,03,01/03,1,3,02N,JJ-F13,1kg Strawberry Muesli,0,ST
"{'id': ""http://e05.bi.ucc.cit.tum.de/odata/935/Inventory('.1~138')"", 'uri': ""http://e05.bi.ucc.cit.tum.de/odata/935/Inventory('.1~138')"", 'type': 'ZCDS_ODATA_SIMULATION_SRV.Inventory'}",.1~138,138,JJ,01,03,01/03,1,3,02N,JJ-F14,1kg Raisin Muesli,0,ST
"{'id': ""http://e05.bi.ucc.cit.tum.de/odata/935/Inventory('.1~139')"", 'uri': ""http://e05.bi.ucc.cit.tum.de/odata/935/Inventory('.1~139')"", 'type': 'ZCDS_ODATA_SIMULATION_SRV.Inventory'}",.1~139,139,JJ,01,03,01/03,1,3,02N,JJ-F15,1kg Original Muesli,0,ST
"{'id': ""http://e05.bi.ucc.cit.tum.de/odata/935/Inventory('.1~140')"", 'uri': ""http://e05.bi.ucc.cit.tum.de/odata/935/Inventory('.1~140')"", 'type': 'ZCDS_ODATA_SIMULATION_SRV.Inventory'}",.1~140,140,JJ,01,03,01/03,1,3,02N,JJ-F16,1kg Mixed Fruit Muesli,0,ST
"{'id': ""http://e05.bi.ucc.cit.tum.de/odata/935/Inventory('.1~141')"", 'uri': ""http://e05.bi.ucc.cit.tum.de/odata/935/Inventory('.1~141')"", 'type': 'ZCDS_ODATA_SIMULATION_SRV.Inventory'}",.1~141,141,JJ,01,03,01/03,1,3,02S,JJ-F01,500g Nut Muesli,0,ST
"{'id': ""http://e05.bi.ucc.cit.tum.de/odata/935/Inventory('.1~142')"", 'uri': ""http://e05.bi.ucc.cit.tum.de/odata/935/Inventory('.1~142')"", 'type': 'ZCDS_ODATA_SIMULATION_SRV.Inventory'}",.1~142,142,JJ,01,03,01/03,1,3,02S,JJ-F02,500g Blueberry Muesli,0,ST
"{'id': ""http://e05.bi.ucc.cit.tum.de/odata/935/Inventory('.1~143')"", 'uri': ""http://e05.bi.ucc.cit.tum.de/odata/935/Inventory('.1~143')"", 'type': 'ZCDS_ODATA_SIMULATION_SRV.Inventory'}",.1~143,143,JJ,01,03,01/03,1,3,02S,JJ-F03,500g Strawberry Muesli,0,ST
"{'id': ""http://e05.bi.ucc.cit.tum.de/odata/935/Inventory('.1~144')"", 'uri': ""http://e05.bi.ucc.cit.tum.de/odata/935/Inventory('.1~144')"", 'type': 'ZCDS_ODATA_SIMULATION_SRV.Inventory'}",.1~144,144,JJ,01,03,01/03,1,3,02S,JJ-F04,500g Raisin Muesli,0,ST
"{'id': ""http://e05.bi.ucc.cit.tum.de/odata/935/Inventory('.1~145')"", 'uri': ""http://e05.bi.ucc.cit.tum.de/odata/935/Inventory('.1~145')"", 'type': 'ZCDS_ODATA_SIMULATION_SRV.Inventory'}",.1~145,145,JJ,01,03,01/03,1,3,02S,JJ-F05,500g Original Muesli,0,ST
"{'id': ""http://e05.bi.ucc.cit.tum.de/odata/935/Inventory('.1~146')"", 'uri': ""http://e05.bi.ucc.cit.tum.de/odata/935/Inventory('.1~146')"", 'type': 'ZCDS_ODATA_SIMULATION_SRV.Inventory'}",.1~146,146,JJ,01,03,01/03,1,3,02S,JJ-F06,500g Mixed Fruit Muesli,0,ST
"{'id': ""http://e05.bi.ucc.cit.tum.de/odata/935/Inventory('.1~147')"", 'uri': ""http://e05.bi.ucc.cit.tum.de/odata/935/Inventory('.1~147')"", 'type': 'ZCDS_ODATA_SIMULATION_SRV.Inventory'}",.1~147,147,JJ,01,03,01/03,1,3,02S,JJ-F11,1kg Nut Muesli,0,ST
"{'id': ""http://e05.bi.ucc.cit.tum.de/odata/935/Inventory('.1~148')"", 'uri': ""http://e05.bi.ucc.cit.tum.de/odata/935/Inventory('.1~148')"", 'type': 'ZCDS_ODATA_SIMULATION_SRV.Inventory'}",.1~148,148,JJ,01,03,01/03,1,3,02S,JJ-F12,1kg Blueberry Muesli,0,ST
"{'id': ""http://e05.bi.ucc.cit.tum.de/odata/935/Inventory('.1~149')"", 'uri': ""http://e05.bi.ucc.cit.tum.de/odata/935/Inventory('.1~149')"", 'type': 'ZCDS_ODATA_SIMULATION_SRV.Inventory'}",.1~149,149,JJ,01,03,01/03,1,3,02S,JJ-F13,1kg Strawberry Muesli,0,ST
"{'id': ""http://e05.bi.ucc.cit.tum.de/odata/935/Inventory('.1~150')"", 'uri': ""http://e05.bi.ucc.cit.tum.de/odata/935/Inventory('.1~150')"", 'type': 'ZCDS_ODATA_SIMULATION_SRV.Inventory'}",.1~150,150,JJ,01,03,01/03,1,3,02S,JJ-F14,1kg Raisin Muesli,0,ST
"{'id': ""http://e05.bi.ucc.cit.tum.de/odata/935/Inventory('.1~151')"", 'uri': ""http://e05.bi.ucc.cit.tum.de/odata/935/Inventory('.1~151')"", 'type': 'ZCDS_ODATA_SIMULATION_SRV.Inventory'}",.1~151,151,JJ,01,03,01/03,1,3,02S,JJ-F15,1kg Original Muesli,0,ST
"{'id': ""http://e05.bi.ucc.cit.tum.de/odata/935/Inventory('.1~152')"", 'uri': ""http://e05.bi.ucc.cit.tum.de/odata/935/Inventory('.1~152')"", 'type': 'ZCDS_ODATA_SIMULATION_SRV.Inventory'}",.1~152,152,JJ,01,03,01/03,1,3,02S,JJ-F16,1kg Mixed Fruit Muesli,0,ST
"{'id': ""http://e05.bi.ucc.cit.tum.de/odata/935/Inventory('.1~153')"", 'uri': ""http://e05.bi.ucc.cit.tum.de/odata/935/Inventory('.1~153')"", 'type': 'ZCDS_ODATA_SIMULATION_SRV.Inventory'}",.1~153,153,JJ,01,03,01/03,1,3,02W,JJ-F01,500g Nut Muesli,0,ST
"{'id': ""http://e05.bi.ucc.cit.tum.de/odata/935/Inventory('.1~154')"", 'uri': ""http://e05.bi.ucc.cit.tum.de/odata/935/Inventory('.1~154')"", 'type': 'ZCDS_ODATA_SIMULATION_SRV.Inventory'}",.1~154,154,JJ,01,03,01/03,1,3,02W,JJ-F02,500g Blueberry Muesli,0,ST
"{'id': ""http://e05.bi.ucc.cit.tum.de/odata/935/Inventory('.1~155')"", 'uri': ""http://e05.bi.ucc.cit.tum.de/odata/935/Inventory('.1~155')"", 'type': 'ZCDS_ODATA_SIMULATION_SRV.Inventory'}",.1~155,155,JJ,01,03,01/03,1,3,02W,JJ-F03,500g Strawberry Muesli,0,ST
"{'id': ""http://e05.bi.ucc.cit.tum.de/odata/935/Inventory('.1~156')"", 'uri': ""http://e05.bi.ucc.cit.tum.de/odata/935/Inventory('.1~156')"", 'type': 'ZCDS_ODATA_SIMULATION_SRV.Inventory'}",.1~156,156,JJ,01,03,01/03,1,3,02W,JJ-F04,500g Raisin Muesli,0,ST
"{'id': ""http://e05.bi.ucc.cit.tum.de/odata/935/Inventory('.1~157')"", 'uri': ""http://e05.bi.ucc.cit.tum.de/odata/935/Inventory('.1~157')"", 'type': 'ZCDS_ODATA_SIMULATION_SRV.Inventory'}",.1~157,157,JJ,01,03,01/03,1,3,02W,JJ-F05,500g Original Muesli,0,ST
"{'id': ""http://e05.bi.ucc.cit.tum.de/odata/935/Inventory('.1~158')"", 'uri': ""http://e05.bi.ucc.cit.tum.de/odata/935/Inventory('.1~158')"", 'type': 'ZCDS_ODATA_SIMULATION_SRV.Inventory'}",.1~158,158,JJ,01,03,01/03,1,3,02W,JJ-F06,500g Mixed Fruit Muesli,0,ST
"{'id': ""http://e05.bi.ucc.cit.tum.de/odata/935/Inventory('.1~159')"", 'uri': ""http://e05.bi.ucc.cit.tum.de/odata/935/Inventory('.1~159')"", 'type': 'ZCDS_ODATA_SIMULATION_SRV.Inventory'}",.1~159,159,JJ,01,03,01/03,1,3,02W,JJ-F11,1kg Nut Muesli,0,ST
"{'id': ""http://e05.bi.ucc.cit.tum.de/odata/935/Inventory('.1~160')"", 'uri': ""http://e05.bi.ucc.cit.tum.de/odata/935/Inventory('.1~160')"", 'type': 'ZCDS_ODATA_SIMULATION_SRV.Inventory'}",.1~160,160,JJ,01,03,01/03,1,3,02W,JJ-F12,1kg Blueberry Muesli,0,ST
"{'id': ""http://e05.bi.ucc.cit.tum.de/odata/935/Inventory('.1~161')"", 'uri': ""http://e05.bi.ucc.cit.tum.de/odata/935/Inventory('.1~161')"", 'type': 'ZCDS_ODATA_SIMULATION_SRV.Inventory'}",.1~161,161,JJ,01,03,01/03,1,3,02W,JJ-F13,1kg Strawberry Muesli,0,ST
"{'id': ""http://e05.bi.ucc.cit.tum.de/odata/935/Inventory('.1~162')"", 'uri': ""http://e05.bi.ucc.cit.tum.de/odata/935/Inventory('.1~162')"", 'type': 'ZCDS_ODATA_SIMULATION_SRV.Inventory'}",.1~162,162,JJ,01,03,01/03,1,3,02W,JJ-F14,1kg Raisin Muesli,0,ST
"{'id': ""http://e05.bi.ucc.cit.tum.de/odata/935/Inventory('.1~163')"", 'uri': ""http://e05.bi.ucc.cit.tum.de/odata/935/Inventory('.1~163')"", 'type': 'ZCDS_ODATA_SIMULATION_SRV.Inventory'}",.1~163,163,JJ,01,03,01/03,1,3,02W,JJ-F15,1kg Original Muesli,0,ST
"{'id': ""http://e05.bi.ucc.cit.tum.de/odata/935/Inventory('.1~164')"", 'uri': ""http://e05.bi.ucc.cit.tum.de/odata/935/Inventory('.1~164')"", 'type': 'ZCDS_ODATA_SIMULATION_SRV.Inventory'}",.1~164,164,JJ,01,03,01/03,1,3,02W,JJ-F16,1kg Mixed Fruit Muesli,0,ST
"{'id': ""http://e05.bi.ucc.cit.tum.de/odata/935/Inventory('.1~165')"", 'uri': ""http://e05.bi.ucc.cit.tum.de/odata/935/Inventory('.1~165')"", 'type': 'ZCDS_ODATA_SIMULATION_SRV.Inventory'}",.1~165,165,JJ,01,03,01/03,1,3,88,JJ-P01,Large Box (1kg),0,ST
"{'id': ""http://e05.bi.ucc.cit.tum.de/odata/935/Inventory('.1~166')"", 'uri': ""http://e05.bi.ucc.cit.tum.de/odata/935/Inventory('.1~166')"", 'type': 'ZCDS_ODATA_SIMULATION_SRV.Inventory'}",.1~166,166,JJ,01,03,01/03,1,3,88,JJ-P02,Large Bag (1kg),0,ST
"{'id': ""http://e05.bi.ucc.cit.tum.de/odata/935/Inventory('.1~167')"", 'uri': ""http://e05.bi.ucc.cit.tum.de/odata/935/Inventory('.1~167')"", 'type': 'ZCDS_ODATA_SIMULATION_SRV.Inventory'}",.1~167,167,JJ,01,03,01/03,1,3,88,JJ-P03,Small Box (500g),0,ST
"{'id': ""http://e05.bi.ucc.cit.tum.de/odata/935/Inventory('.1~168')"", 'uri': ""http://e05.bi.ucc.cit.tum.de/odata/935/Inventory('.1~168')"", 'type': 'ZCDS_ODATA_SIMULATION_SRV.Inventory'}",.1~168,168,JJ,01,03,01/03,1,3,88,JJ-P04,Small Bag (500g),0,ST
"{'id': ""http://e05.bi.ucc.cit.tum.de/odata/935/Inventory('.1~169')"", 'uri': ""http://e05.bi.ucc.cit.tum.de/odata/935/Inventory('.1~169')"", 'type': 'ZCDS_ODATA_SIMULATION_SRV.Inventory'}",.1~169,169,JJ,01,03,01/03,1,3,88,JJ-R01,Nuts,0.000,KG
"{'id': ""http://e05.bi.ucc.cit.tum.de/odata/935/Inventory('.1~170')"", 'uri': ""http://e05.bi.ucc.cit.tum.de/odata/935/Inventory('.1~170')"", 'type': 'ZCDS_ODATA_SIMULATION_SRV.Inventory'}",.1~170,170,JJ,01,03,01/03,1,3,88,JJ-R02,Blueberries,0.000,KG
"{'id': ""http://e05.bi.ucc.cit.tum.de/odata/935/Inventory('.1~171')"", 'uri': ""http://e05.bi.ucc.cit.tum.de/odata/935/Inventory('.1~171')"", 'type': 'ZCDS_ODATA_SIMULATION_SRV.Inventory'}",.1~171,171,JJ,01,03,01/03,1,3,88,JJ-R03,Strawberries,0.000,KG
"{'id': ""http://e05.bi.ucc.cit.tum.de/odata/935/Inventory('.1~172')"", 'uri': ""http://e05.bi.ucc.cit.tum.de/odata/935/Inventory('.1~172')"", 'type': 'ZCDS_ODATA_SIMULATION_SRV.Inventory'}",.1~172,172,JJ,01,03,01/03,1,3,88,JJ-R04,Raisins,0.000,KG
"{'id': ""http://e05.bi.ucc.cit.tum.de/odata/935/Inventory('.1~173')"", 'uri': ""http://e05.bi.ucc.cit.tum.de/odata/935/Inventory('.1~173')"", 'type': 'ZCDS_ODATA_SIMULATION_SRV.Inventory'}",.1~173,173,JJ,01,03,01/03,1,3,88,JJ-R05,Wheat,0.000,KG
"{'id': ""http://e05.bi.ucc.cit.tum.de/odata/935/Inventory('.1~174')"", 'uri': ""http://e05.bi.ucc.cit.tum.de/odata/935/Inventory('.1~174')"", 'type': 'ZCDS_ODATA_SIMULATION_SRV.Inventory'}",.1~174,174,JJ,01,03,01/03,1,3,88,JJ-R06,Oats,0.000,KG
"{'id': ""http://e05.bi.ucc.cit.tum.de/odata/935/Inventory('.1~175')"", 'uri': ""http://e05.bi.ucc.cit.tum.de/odata/935/Inventory('.1~175')"", 'type': 'ZCDS_ODATA_SIMULATION_SRV.Inventory'}",.1~175,175,JJ,01,04,01/04,1,4,02,JJ-F01,500g Nut Muesli,0,ST
"{'id': ""http://e05.bi.ucc.cit.tum.de/odata/935/Inventory('.1~176')"", 'uri': ""http://e05.bi.ucc.cit.tum.de/odata/935/Inventory('.1~176')"", 'type': 'ZCDS_ODATA_SIMULATION_SRV.Inventory'}",.1~176,176,JJ,01,04,01/04,1,4,02,JJ-F02,500g Blueberry Muesli,0,ST
"{'id': ""http://e05.bi.ucc.cit.tum.de/odata/935/Inventory('.1~177')"", 'uri': ""http://e05.bi.ucc.cit.tum.de/odata/935/Inventory('.1~177')"", 'type': 'ZCDS_ODATA_SIMULATION_SRV.Inventory'}",.1~177,177,JJ,01,04,01/04,1,4,02,JJ-F03,500g Strawberry Muesli,0,ST
"{'id': ""http://e05.bi.ucc.cit.tum.de/odata/935/Inventory('.1~178')"", 'uri': ""http://e05.bi.ucc.cit.tum.de/odata/935/Inventory('.1~178')"", 'type': 'ZCDS_ODATA_SIMULATION_SRV.Inventory'}",.1~178,178,JJ,01,04,01/04,1,4,02,JJ-F04,500g Raisin Muesli,0,ST
"{'id': ""http://e05.bi.ucc.cit.tum.de/odata/935/Inventory('.1~179')"", 'uri': ""http://e05.bi.ucc.cit.tum.de/odata/935/Inventory('.1~179')"", 'type': 'ZCDS_ODATA_SIMULATION_SRV.Inventory'}",.1~179,179,JJ,01,04,01/04,1,4,02,JJ-F05,500g Original Muesli,0,ST
"{'id': ""http://e05.bi.ucc.cit.tum.de/odata/935/Inventory('.1~180')"", 'uri': ""http://e05.bi.ucc.cit.tum.de/odata/935/Inventory('.1~180')"", 'type': 'ZCDS_ODATA_SIMULATION_SRV.Inventory'}",.1~180,180,JJ,01,04,01/04,1,4,02,JJ-F06,500g Mixed Fruit Muesli,0,ST
"{'id': ""http://e05.bi.ucc.cit.tum.de/odata/935/Inventory('.1~181')"", 'uri': ""http://e05.bi.ucc.cit.tum.de/odata/935/Inventory('.1~181')"", 'type': 'ZCDS_ODATA_SIMULATION_SRV.Inventory'}",.1~181,181,JJ,01,04,01/04,1,4,02,JJ-F11,1kg Nut Muesli,0,ST
"{'id': ""http://e05.bi.ucc.cit.tum.de/odata/935/Inventory('.1~182')"", 'uri': ""http://e05.bi.ucc.cit.tum.de/odata/935/Inventory('.1~182')"", 'type': 'ZCDS_ODATA_SIMULATION_SRV.Inventory'}",.1~182,182,JJ,01,04,01/04,1,4,02,JJ-F12,1kg Blueberry Muesli,0,ST
"{'id': ""http://e05.bi.ucc.cit.tum.de/odata/935/Inventory('.1~183')"", 'uri': ""http://e05.bi.ucc.cit.tum.de/odata/935/Inventory('.1~183')"", 'type': 'ZCDS_ODATA_SIMULATION_SRV.Inventory'}",.1~183,183,JJ,01,04,01/04,1,4,02,JJ-F13,1kg Strawberry Muesli,0,ST
"{'id': ""http://e05.bi.ucc.cit.tum.de/odata/935/Inventory('.1~184')"", 'uri': ""http://e05.bi.ucc.cit.tum.de/odata/935/Inventory('.1~184')"", 'type': 'ZCDS_ODATA_SIMULATION_SRV.Inventory'}",.1~184,184,JJ,01,04,01/04,1,4,02,JJ-F14,1kg Raisin Muesli,0,ST
"{'id': ""http://e05.bi.ucc.cit.tum.de/odata/935/Inventory('.1~185')"", 'uri': ""http://e05.bi.ucc.cit.tum.de/odata/935/Inventory('.1~185')"", 'type': 'ZCDS_ODATA_SIMULATION_SRV.Inventory'}",.1~185,185,JJ,01,04,01/04,1,4,02,JJ-F15,1kg Original Muesli,0,ST
"{'id': ""http://e05.bi.ucc.cit.tum.de/odata/935/Inventory('.1~186')"", 'uri': ""http://e05.bi.ucc.cit.tum.de/odata/935/Inventory('.1~186')"", 'type': 'ZCDS_ODATA_SIMULATION_SRV.Inventory'}",.1~186,186,JJ,01,04,01/04,1,4,02,JJ-F16,1kg Mixed Fruit Muesli,0,ST
"{'id': ""http://e05.bi.ucc.cit.tum.de/odata/935/Inventory('.1~187')"", 'uri': ""http://e05.bi.ucc.cit.tum.de/odata/935/Inventory('.1~187')"", 'type': 'ZCDS_ODATA_SIMULATION_SRV.Inventory'}",.1~187,187,JJ,01,04,01/04,1,4,02N,JJ-F01,500g Nut Muesli,0,ST
"{'id': ""http://e05.bi.ucc.cit.tum.de/odata/935/Inventory('.1~188')"", 'uri': ""http://e05.bi.ucc.cit.tum.de/odata/935/Inventory('.1~188')"", 'type': 'ZCDS_ODATA_SIMULATION_SRV.Inventory'}",.1~188,188,JJ,01,04,01/04,1,4,02N,JJ-F02,500g Blueberry Muesli,0,ST
"{'id': ""http://e05.bi.ucc.cit.tum.de/odata/935/Inventory('.1~189')"", 'uri': ""http://e05.bi.ucc.cit.tum.de/odata/935/Inventory('.1~189')"", 'type': 'ZCDS_ODATA_SIMULATION_SRV.Inventory'}",.1~189,189,JJ,01,04,01/04,1,4,02N,JJ-F03,500g Strawberry Muesli,0,ST
"{'id': ""http://e05.bi.ucc.cit.tum.de/odata/935/Inventory('.1~190')"", 'uri': ""http://e05.bi.ucc.cit.tum.de/odata/935/Inventory('.1~190')"", 'type': 'ZCDS_ODATA_SIMULATION_SRV.Inventory'}",.1~190,190,JJ,01,04,01/04,1,4,02N,JJ-F04,500g Raisin Muesli,0,ST
"{'id': ""http://e05.bi.ucc.cit.tum.de/odata/935/Inventory('.1~191')"", 'uri': ""http://e05.bi.ucc.cit.tum.de/odata/935/Inventory('.1~191')"", 'type': 'ZCDS_ODATA_SIMULATION_SRV.Inventory'}",.1~191,191,JJ,01,04,01/04,1,4,02N,JJ-F05,500g Original Muesli,0,ST
"{'id': ""http://e05.bi.ucc.cit.tum.de/odata/935/Inventory('.1~192')"", 'uri': ""http://e05.bi.ucc.cit.tum.de/odata/935/Inventory('.1~192')"", 'type': 'ZCDS_ODATA_SIMULATION_SRV.Inventory'}",.1~192,192,JJ,01,04,01/04,1,4,02N,JJ-F06,500g Mixed Fruit Muesli,0,ST
"{'id': ""http://e05.bi.ucc.cit.tum.de/odata/935/Inventory('.1~193')"", 'uri': ""http://e05.bi.ucc.cit.tum.de/odata/935/Inventory('.1~193')"", 'type': 'ZCDS_ODATA_SIMULATION_SRV.Inventory'}",.1~193,193,JJ,01,04,01/04,1,4,02N,JJ-F11,1kg Nut Muesli,0,ST
"{'id': ""http://e05.bi.ucc.cit.tum.de/odata/935/Inventory('.1~194')"", 'uri': ""http://e05.bi.ucc.cit.tum.de/odata/935/Inventory('.1~194')"", 'type': 'ZCDS_ODATA_SIMULATION_SRV.Inventory'}",.1~194,194,JJ,01,04,01/04,1,4,02N,JJ-F12,1kg Blueberry Muesli,0,ST
"{'id': ""http://e05.bi.ucc.cit.tum.de/odata/935/Inventory('.1~195')"", 'uri': ""http://e05.bi.ucc.cit.tum.de/odata/935/Inventory('.1~195')"", 'type': 'ZCDS_ODATA_SIMULATION_SRV.Inventory'}",.1~195,195,JJ,01,04,01/04,1,4,02N,JJ-F13,1kg Strawberry Muesli,0,ST
"{'id': ""http://e05.bi.ucc.cit.tum.de/odata/935/Inventory('.1~196')"", 'uri': ""http://e05.bi.ucc.cit.tum.de/odata/935/Inventory('.1~196')"", 'type': 'ZCDS_ODATA_SIMULATION_SRV.Inventory'}",.1~196,196,JJ,01,04,01/04,1,4,02N,JJ-F14,1kg Raisin Muesli,0,ST
"{'id': ""http://e05.bi.ucc.cit.tum.de/odata/935/Inventory('.1~197')"", 'uri': ""http://e05.bi.ucc.cit.tum.de/odata/935/Inventory('.1~197')"", 'type': 'ZCDS_ODATA_SIMULATION_SRV.Inventory'}",.1~197,197,JJ,01,04,01/04,1,4,02N,JJ-F15,1kg Original Muesli,0,ST
"{'id': ""http://e05.bi.ucc.cit.tum.de/odata/935/Inventory('.1~198')"", 'uri': ""http://e05.bi.ucc.cit.tum.de/odata/935/Inventory('.1~198')"", 'type': 'ZCDS_ODATA_SIMULATION_SRV.Inventory'}",.1~198,198,JJ,01,04,01/04,1,4,02N,JJ-F16,1kg Mixed Fruit Muesli,0,ST
"{'id': ""http://e05.bi.ucc.cit.tum.de/odata/935/Inventory('.1~199')"", 'uri': ""http://e05.bi.ucc.cit.tum.de/odata/935/Inventory('.1~199')"", 'type': 'ZCDS_ODATA_SIMULATION_SRV.Inventory'}",.1~199,199,JJ,01,04,01/04,1,4,02S,JJ-F01,500g Nut Muesli,0,ST
"{'id': ""http://e05.bi.ucc.cit.tum.de/odata/935/Inventory('.1~200')"", 'uri': ""http://e05.bi.ucc.cit.tum.de/odata/935/Inventory('.1~200')"", 'type': 'ZCDS_ODATA_SIMULATION_SRV.Inventory'}",.1~200,200,JJ,01,04,01/04,1,4,02S,JJ-F02,500g Blueberry Muesli,0,ST
"{'id': ""http://e05.bi.ucc.cit.tum.de/odata/935/Inventory('.1~201')"", 'uri': ""http://e05.bi.ucc.cit.tum.de/odata/935/Inventory('.1~201')"", 'type': 'ZCDS_ODATA_SIMULATION_SRV.Inventory'}",.1~201,201,JJ,01,04,01/04,1,4,02S,JJ-F03,500g Strawberry Muesli,0,ST
"{'id': ""http://e05.bi.ucc.cit.tum.de/odata/935/Inventory('.1~202')"", 'uri': ""http://e05.bi.ucc.cit.tum.de/odata/935/Inventory('.1~202')"", 'type': 'ZCDS_ODATA_SIMULATION_SRV.Inventory'}",.1~202,202,JJ,01,04,01/04,1,4,02S,JJ-F04,500g Raisin Muesli,0,ST
"{'id': ""http://e05.bi.ucc.cit.tum.de/odata/935/Inventory('.1~203')"", 'uri': ""http://e05.bi.ucc.cit.tum.de/odata/935/Inventory('.1~203')"", 'type': 'ZCDS_ODATA_SIMULATION_SRV.Inventory'}",.1~203,203,JJ,01,04,01/04,1,4,02S,JJ-F05,500g Original Muesli,0,ST
"{'id': ""http://e05.bi.ucc.cit.tum.de/odata/935/Inventory('.1~204')"", 'uri': ""http://e05.bi.ucc.cit.tum.de/odata/935/Inventory('.1~204')"", 'type': 'ZCDS_ODATA_SIMULATION_SRV.Inventory'}",.1~204,204,JJ,01,04,01/04,1,4,02S,JJ-F06,500g Mixed Fruit Muesli,0,ST
"{'id': ""http://e05.bi.ucc.cit.tum.de/odata/935/Inventory('.1~205')"", 'uri': ""http://e05.bi.ucc.cit.tum.de/odata/935/Inventory('.1~205')"", 'type': 'ZCDS_ODATA_SIMULATION_SRV.Inventory'}",.1~205,205,JJ,01,04,01/04,1,4,02S,JJ-F11,1kg Nut Muesli,0,ST
"{'id': ""http://e05.bi.ucc.cit.tum.de/odata/935/Inventory('.1~206')"", 'uri': ""http://e05.bi.ucc.cit.tum.de/odata/935/Inventory('.1~206')"", 'type': 'ZCDS_ODATA_SIMULATION_SRV.Inventory'}",.1~206,206,JJ,01,04,01/04,1,4,02S,JJ-F12,1kg Blueberry Muesli,0,ST
"{'id': ""http://e05.bi.ucc.cit.tum.de/odata/935/Inventory('.1~207')"", 'uri': ""http://e05.bi.ucc.cit.tum.de/odata/935/Inventory('.1~207')"", 'type': 'ZCDS_ODATA_SIMULATION_SRV.Inventory'}",.1~207,207,JJ,01,04,01/04,1,4,02S,JJ-F13,1kg Strawberry Muesli,0,ST
"{'id': ""http://e05.bi.ucc.cit.tum.de/odata/935/Inventory('.1~208')"", 'uri': ""http://e05.bi.ucc.cit.tum.de/odata/935/Inventory('.1~208')"", 'type': 'ZCDS_ODATA_SIMULATION_SRV.Inventory'}",.1~208,208,JJ,01,04,01/04,1,4,02S,JJ-F14,1kg Raisin Muesli,0,ST
"{'id': ""http://e05.bi.ucc.cit.tum.de/odata/935/Inventory('.1~209')"", 'uri': ""http://e05.bi.ucc.cit.tum.de/odata/935/Inventory('.1~209')"", 'type': 'ZCDS_ODATA_SIMULATION_SRV.Inventory'}",.1~209,209,JJ,01,04,01/04,1,4,02S,JJ-F15,1kg Original Muesli,0,ST
"{'id': ""http://e05.bi.ucc.cit.tum.de/odata/935/Inventory('.1~210')"", 'uri': ""http://e05.bi.ucc.cit.tum.de/odata/935/Inventory('.1~210')"", 'type': 'ZCDS_ODATA_SIMULATION_SRV.Inventory'}",.1~210,210,JJ,01,04,01/04,1,4,02S,JJ-F16,1kg Mixed Fruit Muesli,0,ST
"{'id': ""http://e05.bi.ucc.cit.tum.de/odata/935/Inventory('.1~211')"", 'uri': ""http://e05.bi.ucc.cit.tum.de/odata/935/Inventory('.1~211')"", 'type': 'ZCDS_ODATA_SIMULATION_SRV.Inventory'}",.1~211,211,JJ,01,04,01/04,1,4,02W,JJ-F01,500g Nut Muesli,0,ST
"{'id': ""http://e05.bi.ucc.cit.tum.de/odata/935/Inventory('.1~212')"", 'uri': ""http://e05.bi.ucc.cit.tum.de/odata/935/Inventory('.1~212')"", 'type': 'ZCDS_ODATA_SIMULATION_SRV.Inventory'}",.1~212,212,JJ,01,04,01/04,1,4,02W,JJ-F02,500g Blueberry Muesli,0,ST
"{'id': ""http://e05.bi.ucc.cit.tum.de/odata/935/Inventory('.1~213')"", 'uri': ""http://e05.bi.ucc.cit.tum.de/odata/935/Inventory('.1~213')"", 'type': 'ZCDS_ODATA_SIMULATION_SRV.Inventory'}",.1~213,213,JJ,01,04,01/04,1,4,02W,JJ-F03,500g Strawberry Muesli,0,ST
"{'id': ""http://e05.bi.ucc.cit.tum.de/odata/935/Inventory('.1~214')"", 'uri': ""http://e05.bi.ucc.cit.tum.de/odata/935/Inventory('.1~214')"", 'type': 'ZCDS_ODATA_SIMULATION_SRV.Inventory'}",.1~214,214,JJ,01,04,01/04,1,4,02W,JJ-F04,500g Raisin Muesli,0,ST
"{'id': ""http://e05.bi.ucc.cit.tum.de/odata/935/Inventory('.1~215')"", 'uri': ""http://e05.bi.ucc.cit.tum.de/odata/935/Inventory('.1~215')"", 'type': 'ZCDS_ODATA_SIMULATION_SRV.Inventory'}",.1~215,215,JJ,01,04,01/04,1,4,02W,JJ-F05,500g Original Muesli,0,ST
"{'id': ""http://e05.bi.ucc.cit.tum.de/odata/935/Inventory('.1~216')"", 'uri': ""http://e05.bi.ucc.cit.tum.de/odata/935/Inventory('.1~216')"", 'type': 'ZCDS_ODATA_SIMULATION_SRV.Inventory'}",.1~216,216,JJ,01,04,01/04,1,4,02W,JJ-F06,500g Mixed Fruit Muesli,0,ST
"{'id': ""http://e05.bi.ucc.cit.tum.de/odata/935/Inventory('.1~217')"", 'uri': ""http://e05.bi.ucc.cit.tum.de/odata/935/Inventory('.1~217')"", 'type': 'ZCDS_ODATA_SIMULATION_SRV.Inventory'}",.1~217,217,JJ,01,04,01/04,1,4,02W,JJ-F11,1kg Nut Muesli,0,ST
"{'id': ""http://e05.bi.ucc.cit.tum.de/odata/935/Inventory('.1~218')"", 'uri': ""http://e05.bi.ucc.cit.tum.de/odata/935/Inventory('.1~218')"", 'type': 'ZCDS_ODATA_SIMULATION_SRV.Inventory'}",.1~218,218,JJ,01,04,01/04,1,4,02W,JJ-F12,1kg Blueberry Muesli,0,ST
"{'id': ""http://e05.bi.ucc.cit.tum.de/odata/935/Inventory('.1~219')"", 'uri': ""http://e05.bi.ucc.cit.tum.de/odata/935/Inventory('.1~219')"", 'type': 'ZCDS_ODATA_SIMULATION_SRV.Inventory'}",.1~219,219,JJ,01,04,01/04,1,4,02W,JJ-F13,1kg Strawberry Muesli,0,ST
"{'id': ""http://e05.bi.ucc.cit.tum.de/odata/935/Inventory('.1~220')"", 'uri': ""http://e05.bi.ucc.cit.tum.de/odata/935/Inventory('.1~220')"", 'type': 'ZCDS_ODATA_SIMULATION_SRV.Inventory'}",.1~220,220,JJ,01,04,01/04,1,4,02W,JJ-F14,1kg Raisin Muesli,0,ST
"{'id': ""http://e05.bi.ucc.cit.tum.de/odata/935/Inventory('.1~221')"", 'uri': ""http://e05.bi.ucc.cit.tum.de/odata/935/Inventory('.1~221')"", 'type': 'ZCDS_ODATA_SIMULATION_SRV.Inventory'}",.1~221,221,JJ,01,04,01/04,1,4,02W,JJ-F15,1kg Original Muesli,0,ST
"{'id': ""http://e05.bi.ucc.cit.tum.de/odata/935/Inventory('.1~222')"", 'uri': ""http://e05.bi.ucc.cit.tum.de/odata/935/Inventory('.1~222')"", 'type': 'ZCDS_ODATA_SIMULATION_SRV.Inventory'}",.1~222,222,JJ,01,04,01/04,1,4,02W,JJ-F16,1kg Mixed Fruit Muesli,0,ST
"{'id': ""http://e05.bi.ucc.cit.tum.de/odata/935/Inventory('.1~223')"", 'uri': ""http://e05.bi.ucc.cit.tum.de/odata/935/Inventory('.1~223')"", 'type': 'ZCDS_ODATA_SIMULATION_SRV.Inventory'}",.1~223,223,JJ,01,04,01/04,1,4,88,JJ-P01,Large Box (1kg),0,ST
"{'id': ""http://e05.bi.ucc.cit.tum.de/odata/935/Inventory('.1~224')"", 'uri': ""http://e05.bi.ucc.cit.tum.de/odata/935/Inventory('.1~224')"", 'type': 'ZCDS_ODATA_SIMULATION_SRV.Inventory'}",.1~224,224,JJ,01,04,01/04,1,4,88,JJ-P02,Large Bag (1kg),0,ST
"{'id': ""http://e05.bi.ucc.cit.tum.de/odata/935/Inventory('.1~225')"", 'uri': ""http://e05.bi.ucc.cit.tum.de/odata/935/Inventory('.1~225')"", 'type': 'ZCDS_ODATA_SIMULATION_SRV.Inventory'}",.1~225,225,JJ,01,04,01/04,1,4,88,JJ-P03,Small Box (500g),0,ST
"{'id': ""http://e05.bi.ucc.cit.tum.de/odata/935/Inventory('.1~226')"", 'uri': ""http://e05.bi.ucc.cit.tum.de/odata/935/Inventory('.1~226')"", 'type': 'ZCDS_ODATA_SIMULATION_SRV.Inventory'}",.1~226,226,JJ,01,04,01/04,1,4,88,JJ-P04,Small Bag (500g),0,ST
"{'id': ""http://e05.bi.ucc.cit.tum.de/odata/935/Inventory('.1~227')"", 'uri': ""http://e05.bi.ucc.cit.tum.de/odata/935/Inventory('.1~227')"", 'type': 'ZCDS_ODATA_SIMULATION_SRV.Inventory'}",.1~227,227,JJ,01,04,01/04,1,4,88,JJ-R01,Nuts,0.000,KG
"{'id': ""http://e05.bi.ucc.cit.tum.de/odata/935/Inventory('.1~228')"", 'uri': ""http://e05.bi.ucc.cit.tum.de/odata/935/Inventory('.1~228')"", 'type': 'ZCDS_ODATA_SIMULATION_SRV.Inventory'}",.1~228,228,JJ,01,04,01/04,1,4,88,JJ-R02,Blueberries,0.000,KG
"{'id': ""http://e05.bi.ucc.cit.tum.de/odata/935/Inventory('.1~229')"", 'uri': ""http://e05.bi.ucc.cit.tum.de/odata/935/Inventory('.1~229')"", 'type': 'ZCDS_ODATA_SIMULATION_SRV.Inventory'}",.1~229,229,JJ,01,04,01/04,1,4,88,JJ-R03,Strawberries,0.000,KG
"{'id': ""http://e05.bi.ucc.cit.tum.de/odata/935/Inventory('.1~230')"", 'uri': ""http://e05.bi.ucc.cit.tum.de/odata/935/Inventory('.1~230')"", 'type': 'ZCDS_ODATA_SIMULATION_SRV.Inventory'}",.1~230,230,JJ,01,04,01/04,1,4,88,JJ-R04,Raisins,0.000,KG
"{'id': ""http://e05.bi.ucc.cit.tum.de/odata/935/Inventory('.1~231')"", 'uri': ""http://e05.bi.ucc.cit.tum.de/odata/935/Inventory('.1~231')"", 'type': 'ZCDS_ODATA_SIMULATION_SRV.Inventory'}",.1~231,231,JJ,01,04,01/04,1,4,88,JJ-R05,Wheat,0.000,KG
"{'id': ""http://e05.bi.ucc.cit.tum.de/odata/935/Inventory('.1~232')"", 'uri': ""http://e05.bi.ucc.cit.tum.de/odata/935/Inventory('.1~232')"", 'type': 'ZCDS_ODATA_SIMULATION_SRV.Inventory'}",.1~232,232,JJ,01,04,01/04,1,4,88,JJ-R06,Oats,0.000,KG
"{'id': ""http://e05.bi.ucc.cit.tum.de/odata/935/Inventory('.1~233')"", 'uri': ""http://e05.bi.ucc.cit.tum.de/odata/935/Inventory('.1~233')"", 'type': 'ZCDS_ODATA_SIMULATION_SRV.Inventory'}",.1~233,233,JJ,01,05,01/05,1,5,02,JJ-F01,500g Nut Muesli,0,ST
"{'id': ""http://e05.bi.ucc.cit.tum.de/odata/935/Inventory('.1~234')"", 'uri': ""http://e05.bi.ucc.cit.tum.de/odata/935/Inventory('.1~234')"", 'type': 'ZCDS_ODATA_SIMULATION_SRV.Inventory'}",.1~234,234,JJ,01,05,01/05,1,5,02,JJ-F02,500g Blueberry Muesli,0,ST
"{'id': ""http://e05.bi.ucc.cit.tum.de/odata/935/Inventory('.1~235')"", 'uri': ""http://e05.bi.ucc.cit.tum.de/odata/935/Inventory('.1~235')"", 'type': 'ZCDS_ODATA_SIMULATION_SRV.Inventory'}",.1~235,235,JJ,01,05,01/05,1,5,02,JJ-F03,500g Strawberry Muesli,0,ST
"{'id': ""http://e05.bi.ucc.cit.tum.de/odata/935/Inventory('.1~236')"", 'uri': ""http://e05.bi.ucc.cit.tum.de/odata/935/Inventory('.1~236')"", 'type': 'ZCDS_ODATA_SIMULATION_SRV.Inventory'}",.1~236,236,JJ,01,05,01/05,1,5,02,JJ-F04,500g Raisin Muesli,0,ST
"{'id': ""http://e05.bi.ucc.cit.tum.de/odata/935/Inventory('.1~237')"", 'uri': ""http://e05.bi.ucc.cit.tum.de/odata/935/Inventory('.1~237')"", 'type': 'ZCDS_ODATA_SIMULATION_SRV.Inventory'}",.1~237,237,JJ,01,05,01/05,1,5,02,JJ-F05,500g Original Muesli,0,ST
"{'id': ""http://e05.bi.ucc.cit.tum.de/odata/935/Inventory('.1~238')"", 'uri': ""http://e05.bi.ucc.cit.tum.de/odata/935/Inventory('.1~238')"", 'type': 'ZCDS_ODATA_SIMULATION_SRV.Inventory'}",.1~238,238,JJ,01,05,01/05,1,5,02,JJ-F06,500g Mixed Fruit Muesli,0,ST
"{'id': ""http://e05.bi.ucc.cit.tum.de/odata/935/Inventory('.1~239')"", 'uri': ""http://e05.bi.ucc.cit.tum.de/odata/935/Inventory('.1~239')"", 'type': 'ZCDS_ODATA_SIMULATION_SRV.Inventory'}",.1~239,239,JJ,01,05,01/05,1,5,02,JJ-F11,1kg Nut Muesli,0,ST
"{'id': ""http://e05.bi.ucc.cit.tum.de/odata/935/Inventory('.1~240')"", 'uri': ""http://e05.bi.ucc.cit.tum.de/odata/935/Inventory('.1~240')"", 'type': 'ZCDS_ODATA_SIMULATION_SRV.Inventory'}",.1~240,240,JJ,01,05,01/05,1,5,02,JJ-F12,1kg Blueberry Muesli,0,ST
"{'id': ""http://e05.bi.ucc.cit.tum.de/odata/935/Inventory('.1~241')"", 'uri': ""http://e05.bi.ucc.cit.tum.de/odata/935/Inventory('.1~241')"", 'type': 'ZCDS_ODATA_SIMULATION_SRV.Inventory'}",.1~241,241,JJ,01,05,01/05,1,5,02,JJ-F13,1kg Strawberry Muesli,0,ST
"{'id': ""http://e05.bi.ucc.cit.tum.de/odata/935/Inventory('.1~242')"", 'uri': ""http://e05.bi.ucc.cit.tum.de/odata/935/Inventory('.1~242')"", 'type': 'ZCDS_ODATA_SIMULATION_SRV.Inventory'}",.1~242,242,JJ,01,05,01/05,1,5,02,JJ-F14,1kg Raisin Muesli,0,ST
"{'id': ""http://e05.bi.ucc.cit.tum.de/odata/935/Inventory('.1~243')"", 'uri': ""http://e05.bi.ucc.cit.tum.de/odata/935/Inventory('.1~243')"", 'type': 'ZCDS_ODATA_SIMULATION_SRV.Inventory'}",.1~243,243,JJ,01,05,01/05,1,5,02,JJ-F15,1kg Original Muesli,0,ST
"{'id': ""http://e05.bi.ucc.cit.tum.de/odata/935/Inventory('.1~244')"", 'uri': ""http://e05.bi.ucc.cit.tum.de/odata/935/Inventory('.1~244')"", 'type': 'ZCDS_ODATA_SIMULATION_SRV.Inventory'}",.1~244,244,JJ,01,05,01/05,1,5,02,JJ-F16,1kg Mixed Fruit Muesli,0,ST
"{'id': ""http://e05.bi.ucc.cit.tum.de/odata/935/Inventory('.1~245')"", 'uri': ""http://e05.bi.ucc.cit.tum.de/odata/935/Inventory('.1~245')"", 'type': 'ZCDS_ODATA_SIMULATION_SRV.Inventory'}",.1~245,245,JJ,01,05,01/05,1,5,02N,JJ-F01,500g Nut Muesli,0,ST
"{'id': ""http://e05.bi.ucc.cit.tum.de/odata/935/Inventory('.1~246')"", 'uri': ""http://e05.bi.ucc.cit.tum.de/odata/935/Inventory('.1~246')"", 'type': 'ZCDS_ODATA_SIMULATION_SRV.Inventory'}",.1~246,246,JJ,01,05,01/05,1,5,02N,JJ-F02,500g Blueberry Muesli,0,ST
"{'id': ""http://e05.bi.ucc.cit.tum.de/odata/935/Inventory('.1~247')"", 'uri': ""http://e05.bi.ucc.cit.tum.de/odata/935/Inventory('.1~247')"", 'type': 'ZCDS_ODATA_SIMULATION_SRV.Inventory'}",.1~247,247,JJ,01,05,01/05,1,5,02N,JJ-F03,500g Strawberry Muesli,0,ST
"{'id': ""http://e05.bi.ucc.cit.tum.de/odata/935/Inventory('.1~248')"", 'uri': ""http://e05.bi.ucc.cit.tum.de/odata/935/Inventory('.1~248')"", 'type': 'ZCDS_ODATA_SIMULATION_SRV.Inventory'}",.1~248,248,JJ,01,05,01/05,1,5,02N,JJ-F04,500g Raisin Muesli,0,ST
"{'id': ""http://e05.bi.ucc.cit.tum.de/odata/935/Inventory('.1~249')"", 'uri': ""http://e05.bi.ucc.cit.tum.de/odata/935/Inventory('.1~249')"", 'type': 'ZCDS_ODATA_SIMULATION_SRV.Inventory'}",.1~249,249,JJ,01,05,01/05,1,5,02N,JJ-F05,500g Original Muesli,0,ST
"{'id': ""http://e05.bi.ucc.cit.tum.de/odata/935/Inventory('.1~250')"", 'uri': ""http://e05.bi.ucc.cit.tum.de/odata/935/Inventory('.1~250')"", 'type': 'ZCDS_ODATA_SIMULATION_SRV.Inventory'}",.1~250,250,JJ,01,05,01/05,1,5,02N,JJ-F06,500g Mixed Fruit Muesli,0,ST
"{'id': ""http://e05.bi.ucc.cit.tum.de/odata/935/Inventory('.1~251')"", 'uri': ""http://e05.bi.ucc.cit.tum.de/odata/935/Inventory('.1~251')"", 'type': 'ZCDS_ODATA_SIMULATION_SRV.Inventory'}",.1~251,251,JJ,01,05,01/05,1,5,02N,JJ-F11,1kg Nut Muesli,0,ST
"{'id': ""http://e05.bi.ucc.cit.tum.de/odata/935/Inventory('.1~252')"", 'uri': ""http://e05.bi.ucc.cit.tum.de/odata/935/Inventory('.1~252')"", 'type': 'ZCDS_ODATA_SIMULATION_SRV.Inventory'}",.1~252,252,JJ,01,05,01/05,1,5,02N,JJ-F12,1kg Blueberry Muesli,0,ST
"{'id': ""http://e05.bi.ucc.cit.tum.de/odata/935/Inventory('.1~253')"", 'uri': ""http://e05.bi.ucc.cit.tum.de/odata/935/Inventory('.1~253')"", 'type': 'ZCDS_ODATA_SIMULATION_SRV.Inventory'}",.1~253,253,JJ,01,05,01/05,1,5,02N,JJ-F13,1kg Strawberry Muesli,0,ST
"{'id': ""http://e05.bi.ucc.cit.tum.de/odata/935/Inventory('.1~254')"", 'uri': ""http://e05.bi.ucc.cit.tum.de/odata/935/Inventory('.1~254')"", 'type': 'ZCDS_ODATA_SIMULATION_SRV.Inventory'}",.1~254,254,JJ,01,05,01/05,1,5,02N,JJ-F14,1kg Raisin Muesli,0,ST
"{'id': ""http://e05.bi.ucc.cit.tum.de/odata/935/Inventory('.1~255')"", 'uri': ""http://e05.bi.ucc.cit.tum.de/odata/935/Inventory('.1~255')"", 'type': 'ZCDS_ODATA_SIMULATION_SRV.Inventory'}",.1~255,255,JJ,01,05,01/05,1,5,02N,JJ-F15,1kg Original Muesli,0,ST
"{'id': ""http://e05.bi.ucc.cit.tum.de/odata/935/Inventory('.1~256')"", 'uri': ""http://e05.bi.ucc.cit.tum.de/odata/935/Inventory('.1~256')"", 'type': 'ZCDS_ODATA_SIMULATION_SRV.Inventory'}",.1~256,256,JJ,01,05,01/05,1,5,02N,JJ-F16,1kg Mixed Fruit Muesli,0,ST
"{'id': ""http://e05.bi.ucc.cit.tum.de/odata/935/Inventory('.1~257')"", 'uri': ""http://e05.bi.ucc.cit.tum.de/odata/935/Inventory('.1~257')"", 'type': 'ZCDS_ODATA_SIMULATION_SRV.Inventory'}",.1~257,257,JJ,01,05,01/05,1,5,02S,JJ-F01,500g Nut Muesli,0,ST
"{'id': ""http://e05.bi.ucc.cit.tum.de/odata/935/Inventory('.1~258')"", 'uri': ""http://e05.bi.ucc.cit.tum.de/odata/935/Inventory('.1~258')"", 'type': 'ZCDS_ODATA_SIMULATION_SRV.Inventory'}",.1~258,258,JJ,01,05,01/05,1,5,02S,JJ-F02,500g Blueberry Muesli,0,ST
"{'id': ""http://e05.bi.ucc.cit.tum.de/odata/935/Inventory('.1~259')"", 'uri': ""http://e05.bi.ucc.cit.tum.de/odata/935/Inventory('.1~259')"", 'type': 'ZCDS_ODATA_SIMULATION_SRV.Inventory'}",.1~259,259,JJ,01,05,01/05,1,5,02S,JJ-F03,500g Strawberry Muesli,0,ST
"{'id': ""http://e05.bi.ucc.cit.tum.de/odata/935/Inventory('.1~260')"", 'uri': ""http://e05.bi.ucc.cit.tum.de/odata/935/Inventory('.1~260')"", 'type': 'ZCDS_ODATA_SIMULATION_SRV.Inventory'}",.1~260,260,JJ,01,05,01/05,1,5,02S,JJ-F04,500g Raisin Muesli,0,ST
"{'id': ""http://e05.bi.ucc.cit.tum.de/odata/935/Inventory('.1~261')"", 'uri': ""http://e05.bi.ucc.cit.tum.de/odata/935/Inventory('.1~261')"", 'type': 'ZCDS_ODATA_SIMULATION_SRV.Inventory'}",.1~261,261,JJ,01,05,01/05,1,5,02S,JJ-F05,500g Original Muesli,0,ST
"{'id': ""http://e05.bi.ucc.cit.tum.de/odata/935/Inventory('.1~262')"", 'uri': ""http://e05.bi.ucc.cit.tum.de/odata/935/Inventory('.1~262')"", 'type': 'ZCDS_ODATA_SIMULATION_SRV.Inventory'}",.1~262,262,JJ,01,05,01/05,1,5,02S,JJ-F06,500g Mixed Fruit Muesli,0,ST
"{'id': ""http://e05.bi.ucc.cit.tum.de/odata/935/Inventory('.1~263')"", 'uri': ""http://e05.bi.ucc.cit.tum.de/odata/935/Inventory('.1~263')"", 'type': 'ZCDS_ODATA_SIMULATION_SRV.Inventory'}",.1~263,263,JJ,01,05,01/05,1,5,02S,JJ-F11,1kg Nut Muesli,0,ST
"{'id': ""http://e05.bi.ucc.cit.tum.de/odata/935/Inventory('.1~264')"", 'uri': ""http://e05.bi.ucc.cit.tum.de/odata/935/Inventory('.1~264')"", 'type': 'ZCDS_ODATA_SIMULATION_SRV.Inventory'}",.1~264,264,JJ,01,05,01/05,1,5,02S,JJ-F12,1kg Blueberry Muesli,0,ST
"{'id': ""http://e05.bi.ucc.cit.tum.de/odata/935/Inventory('.1~265')"", 'uri': ""http://e05.bi.ucc.cit.tum.de/odata/935/Inventory('.1~265')"", 'type': 'ZCDS_ODATA_SIMULATION_SRV.Inventory'}",.1~265,265,JJ,01,05,01/05,1,5,02S,JJ-F13,1kg Strawberry Muesli,0,ST
"{'id': ""http://e05.bi.ucc.cit.tum.de/odata/935/Inventory('.1~266')"", 'uri': ""http://e05.bi.ucc.cit.tum.de/odata/935/Inventory('.1~266')"", 'type': 'ZCDS_ODATA_SIMULATION_SRV.Inventory'}",.1~266,266,JJ,01,05,01/05,1,5,02S,JJ-F14,1kg Raisin Muesli,0,ST
"{'id': ""http://e05.bi.ucc.cit.tum.de/odata/935/Inventory('.1~267')"", 'uri': ""http://e05.bi.ucc.cit.tum.de/odata/935/Inventory('.1~267')"", 'type': 'ZCDS_ODATA_SIMULATION_SRV.Inventory'}",.1~267,267,JJ,01,05,01/05,1,5,02S,JJ-F15,1kg Original Muesli,0,ST
"{'id': ""http://e05.bi.ucc.cit.tum.de/odata/935/Inventory('.1~268')"", 'uri': ""http://e05.bi.ucc.cit.tum.de/odata/935/Inventory('.1~268')"", 'type': 'ZCDS_ODATA_SIMULATION_SRV.Inventory'}",.1~268,268,JJ,01,05,01/05,1,5,02S,JJ-F16,1kg Mixed Fruit Muesli,0,ST
"{'id': ""http://e05.bi.ucc.cit.tum.de/odata/935/Inventory('.1~269')"", 'uri': ""http://e05.bi.ucc.cit.tum.de/odata/935/Inventory('.1~269')"", 'type': 'ZCDS_ODATA_SIMULATION_SRV.Inventory'}",.1~269,269,JJ,01,05,01/05,1,5,02W,JJ-F01,500g Nut Muesli,0,ST
"{'id': ""http://e05.bi.ucc.cit.tum.de/odata/935/Inventory('.1~270')"", 'uri': ""http://e05.bi.ucc.cit.tum.de/odata/935/Inventory('.1~270')"", 'type': 'ZCDS_ODATA_SIMULATION_SRV.Inventory'}",.1~270,270,JJ,01,05,01/05,1,5,02W,JJ-F02,500g Blueberry Muesli,0,ST
"{'id': ""http://e05.bi.ucc.cit.tum.de/odata/935/Inventory('.1~271')"", 'uri': ""http://e05.bi.ucc.cit.tum.de/odata/935/Inventory('.1~271')"", 'type': 'ZCDS_ODATA_SIMULATION_SRV.Inventory'}",.1~271,271,JJ,01,05,01/05,1,5,02W,JJ-F03,500g Strawberry Muesli,0,ST
"{'id': ""http://e05.bi.ucc.cit.tum.de/odata/935/Inventory('.1~272')"", 'uri': ""http://e05.bi.ucc.cit.tum.de/odata/935/Inventory('.1~272')"", 'type': 'ZCDS_ODATA_SIMULATION_SRV.Inventory'}",.1~272,272,JJ,01,05,01/05,1,5,02W,JJ-F04,500g Raisin Muesli,0,ST
"{'id': ""http://e05.bi.ucc.cit.tum.de/odata/935/Inventory('.1~273')"", 'uri': ""http://e05.bi.ucc.cit.tum.de/odata/935/Inventory('.1~273')"", 'type': 'ZCDS_ODATA_SIMULATION_SRV.Inventory'}",.1~273,273,JJ,01,05,01/05,1,5,02W,JJ-F05,500g Original Muesli,0,ST
"{'id': ""http://e05.bi.ucc.cit.tum.de/odata/935/Inventory('.1~274')"", 'uri': ""http://e05.bi.ucc.cit.tum.de/odata/935/Inventory('.1~274')"", 'type': 'ZCDS_ODATA_SIMULATION_SRV.Inventory'}",.1~274,274,JJ,01,05,01/05,1,5,02W,JJ-F06,500g Mixed Fruit Muesli,0,ST
"{'id': ""http://e05.bi.ucc.cit.tum.de/odata/935/Inventory('.1~275')"", 'uri': ""http://e05.bi.ucc.cit.tum.de/odata/935/Inventory('.1~275')"", 'type': 'ZCDS_ODATA_SIMULATION_SRV.Inventory'}",.1~275,275,JJ,01,05,01/05,1,5,02W,JJ-F11,1kg Nut Muesli,0,ST
"{'id': ""http://e05.bi.ucc.cit.tum.de/odata/935/Inventory('.1~276')"", 'uri': ""http://e05.bi.ucc.cit.tum.de/odata/935/Inventory('.1~276')"", 'type': 'ZCDS_ODATA_SIMULATION_SRV.Inventory'}",.1~276,276,JJ,01,05,01/05,1,5,02W,JJ-F12,1kg Blueberry Muesli,0,ST
"{'id': ""http://e05.bi.ucc.cit.tum.de/odata/935/Inventory('.1~277')"", 'uri': ""http://e05.bi.ucc.cit.tum.de/odata/935/Inventory('.1~277')"", 'type': 'ZCDS_ODATA_SIMULATION_SRV.Inventory'}",.1~277,277,JJ,01,05,01/05,1,5,02W,JJ-F13,1kg Strawberry Muesli,0,ST
"{'id': ""http://e05.bi.ucc.cit.tum.de/odata/935/Inventory('.1~278')"", 'uri': ""http://e05.bi.ucc.cit.tum.de/odata/935/Inventory('.1~278')"", 'type': 'ZCDS_ODATA_SIMULATION_SRV.Inventory'}",.1~278,278,JJ,01,05,01/05,1,5,02W,JJ-F14,1kg Raisin Muesli,0,ST
"{'id': ""http://e05.bi.ucc.cit.tum.de/odata/935/Inventory('.1~279')"", 'uri': ""http://e05.bi.ucc.cit.tum.de/odata/935/Inventory('.1~279')"", 'type': 'ZCDS_ODATA_SIMULATION_SRV.Inventory'}",.1~279,279,JJ,01,05,01/05,1,5,02W,JJ-F15,1kg Original Muesli,0,ST
"{'id': ""http://e05.bi.ucc.cit.tum.de/odata/935/Inventory('.1~280')"", 'uri': ""http://e05.bi.ucc.cit.tum.de/odata/935/Inventory('.1~280')"", 'type': 'ZCDS_ODATA_SIMULATION_SRV.Inventory'}",.1~280,280,JJ,01,05,01/05,1,5,02W,JJ-F16,1kg Mixed Fruit Muesli,0,ST
"{'id': ""http://e05.bi.ucc.cit.tum.de/odata/935/Inventory('.1~281')"", 'uri': ""http://e05.bi.ucc.cit.tum.de/odata/935/Inventory('.1~281')"", 'type': 'ZCDS_ODATA_SIMULATION_SRV.Inventory'}",.1~281,281,JJ,01,05,01/05,1,5,88,JJ-P01,Large Box (1kg),0,ST
"{'id': ""http://e05.bi.ucc.cit.tum.de/odata/935/Inventory('.1~282')"", 'uri': ""http://e05.bi.ucc.cit.tum.de/odata/935/Inventory('.1~282')"", 'type': 'ZCDS_ODATA_SIMULATION_SRV.Inventory'}",.1~282,282,JJ,01,05,01/05,1,5,88,JJ-P02,Large Bag (1kg),0,ST
"{'id': ""http://e05.bi.ucc.cit.tum.de/odata/935/Inventory('.1~283')"", 'uri': ""http://e05.bi.ucc.cit.tum.de/odata/935/Inventory('.1~283')"", 'type': 'ZCDS_ODATA_SIMULATION_SRV.Inventory'}",.1~283,283,JJ,01,05,01/05,1,5,88,JJ-P03,Small Box (500g),0,ST
"{'id': ""http://e05.bi.ucc.cit.tum.de/odata/935/Inventory('.1~284')"", 'uri': ""http://e05.bi.ucc.cit.tum.de/odata/935/Inventory('.1~284')"", 'type': 'ZCDS_ODATA_SIMULATION_SRV.Inventory'}",.1~284,284,JJ,01,05,01/05,1,5,88,JJ-P04,Small Bag (500g),0,ST
"{'id': ""http://e05.bi.ucc.cit.tum.de/odata/935/Inventory('.1~285')"", 'uri': ""http://e05.bi.ucc.cit.tum.de/odata/935/Inventory('.1~285')"", 'type': 'ZCDS_ODATA_SIMULATION_SRV.Inventory'}",.1~285,285,JJ,01,05,01/05,1,5,88,JJ-R01,Nuts,0.000,KG
"{'id': ""http://e05.bi.ucc.cit.tum.de/odata/935/Inventory('.1~286')"", 'uri': ""http://e05.bi.ucc.cit.tum.de/odata/935/Inventory('.1~286')"", 'type': 'ZCDS_ODATA_SIMULATION_SRV.Inventory'}",.1~286,286,JJ,01,05,01/05,1,5,88,JJ-R02,Blueberries,0.000,KG
"{'id': ""http://e05.bi.ucc.cit.tum.de/odata/935/Inventory('.1~287')"", 'uri': ""http://e05.bi.ucc.cit.tum.de/odata/935/Inventory('.1~287')"", 'type': 'ZCDS_ODATA_SIMULATION_SRV.Inventory'}",.1~287,287,JJ,01,05,01/05,1,5,88,JJ-R03,Strawberries,0.000,KG
"{'id': ""http://e05.bi.ucc.cit.tum.de/odata/935/Inventory('.1~288')"", 'uri': ""http://e05.bi.ucc.cit.tum.de/odata/935/Inventory('.1~288')"", 'type': 'ZCDS_ODATA_SIMULATION_SRV.Inventory'}",.1~288,288,JJ,01,05,01/05,1,5,88,JJ-R04,Raisins,0.000,KG
"{'id': ""http://e05.bi.ucc.cit.tum.de/odata/935/Inventory('.1~289')"", 'uri': ""http://e05.bi.ucc.cit.tum.de/odata/935/Inventory('.1~289')"", 'type': 'ZCDS_ODATA_SIMULATION_SRV.Inventory'}",.1~289,289,JJ,01,05,01/05,1,5,88,JJ-R05,Wheat,0.000,KG
"{'id': ""http://e05.bi.ucc.cit.tum.de/odata/935/Inventory('.1~290')"", 'uri': ""http://e05.bi.ucc.cit.tum.de/odata/935/Inventory('.1~290')"", 'type': 'ZCDS_ODATA_SIMULATION_SRV.Inventory'}",.1~290,290,JJ,01,05,01/05,1,5,88,JJ-R06,Oats,0.000,KG
"{'id': ""http://e05.bi.ucc.cit.tum.de/odata/935/Inventory('.1~291')"", 'uri': ""http://e05.bi.ucc.cit.tum.de/odata/935/Inventory('.1~291')"", 'type': 'ZCDS_ODATA_SIMULATION_SRV.Inventory'}",.1~291,291,JJ,01,06,01/06,2,6,02,JJ-F01,500g Nut Muesli,0,ST
"{'id': ""http://e05.bi.ucc.cit.tum.de/odata/935/Inventory('.1~292')"", 'uri': ""http://e05.bi.ucc.cit.tum.de/odata/935/Inventory('.1~292')"", 'type': 'ZCDS_ODATA_SIMULATION_SRV.Inventory'}",.1~292,292,JJ,01,06,01/06,2,6,02,JJ-F02,500g Blueberry Muesli,0,ST
"{'id': ""http://e05.bi.ucc.cit.tum.de/odata/935/Inventory('.1~293')"", 'uri': ""http://e05.bi.ucc.cit.tum.de/odata/935/Inventory('.1~293')"", 'type': 'ZCDS_ODATA_SIMULATION_SRV.Inventory'}",.1~293,293,JJ,01,06,01/06,2,6,02,JJ-F03,500g Strawberry Muesli,0,ST
"{'id': ""http://e05.bi.ucc.cit.tum.de/odata/935/Inventory('.1~294')"", 'uri': ""http://e05.bi.ucc.cit.tum.de/odata/935/Inventory('.1~294')"", 'type': 'ZCDS_ODATA_SIMULATION_SRV.Inventory'}",.1~294,294,JJ,01,06,01/06,2,6,02,JJ-F04,500g Raisin Muesli,0,ST
"{'id': ""http://e05.bi.ucc.cit.tum.de/odata/935/Inventory('.1~295')"", 'uri': ""http://e05.bi.ucc.cit.tum.de/odata/935/Inventory('.1~295')"", 'type': 'ZCDS_ODATA_SIMULATION_SRV.Inventory'}",.1~295,295,JJ,01,06,01/06,2,6,02,JJ-F05,500g Original Muesli,0,ST
"{'id': ""http://e05.bi.ucc.cit.tum.de/odata/935/Inventory('.1~296')"", 'uri': ""http://e05.bi.ucc.cit.tum.de/odata/935/Inventory('.1~296')"", 'type': 'ZCDS_ODATA_SIMULATION_SRV.Inventory'}",.1~296,296,JJ,01,06,01/06,2,6,02,JJ-F06,500g Mixed Fruit Muesli,0,ST
"{'id': ""http://e05.bi.ucc.cit.tum.de/odata/935/Inventory('.1~297')"", 'uri': ""http://e05.bi.ucc.cit.tum.de/odata/935/Inventory('.1~297')"", 'type': 'ZCDS_ODATA_SIMULATION_SRV.Inventory'}",.1~297,297,JJ,01,06,01/06,2,6,02,JJ-F11,1kg Nut Muesli,0,ST
"{'id': ""http://e05.bi.ucc.cit.tum.de/odata/935/Inventory('.1~298')"", 'uri': ""http://e05.bi.ucc.cit.tum.de/odata/935/Inventory('.1~298')"", 'type': 'ZCDS_ODATA_SIMULATION_SRV.Inventory'}",.1~298,298,JJ,01,06,01/06,2,6,02,JJ-F12,1kg Blueberry Muesli,0,ST
"{'id': ""http://e05.bi.ucc.cit.tum.de/odata/935/Inventory('.1~299')"", 'uri': ""http://e05.bi.ucc.cit.tum.de/odata/935/Inventory('.1~299')"", 'type': 'ZCDS_ODATA_SIMULATION_SRV.Inventory'}",.1~299,299,JJ,01,06,01/06,2,6,02,JJ-F13,1kg Strawberry Muesli,0,ST
"{'id': ""http://e05.bi.ucc.cit.tum.de/odata/935/Inventory('.1~300')"", 'uri': ""http://e05.bi.ucc.cit.tum.de/odata/935/Inventory('.1~300')"", 'type': 'ZCDS_ODATA_SIMULATION_SRV.Inventory'}",.1~300,300,JJ,01,06,01/06,2,6,02,JJ-F14,1kg Raisin Muesli,0,ST
"{'id': ""http://e05.bi.ucc.cit.tum.de/odata/935/Inventory('.1~301')"", 'uri': ""http://e05.bi.ucc.cit.tum.de/odata/935/Inventory('.1~301')"", 'type': 'ZCDS_ODATA_SIMULATION_SRV.Inventory'}",.1~301,301,JJ,01,06,01/06,2,6,02,JJ-F15,1kg Original Muesli,0,ST
"{'id': ""http://e05.bi.ucc.cit.tum.de/odata/935/Inventory('.1~302')"", 'uri': ""http://e05.bi.ucc.cit.tum.de/odata/935/Inventory('.1~302')"", 'type': 'ZCDS_ODATA_SIMULATION_SRV.Inventory'}",.1~302,302,JJ,01,06,01/06,2,6,02,JJ-F16,1kg Mixed Fruit Muesli,0,ST
"{'id': ""http://e05.bi.ucc.cit.tum.de/odata/935/Inventory('.1~303')"", 'uri': ""http://e05.bi.ucc.cit.tum.de/odata/935/Inventory('.1~303')"", 'type': 'ZCDS_ODATA_SIMULATION_SRV.Inventory'}",.1~303,303,JJ,01,06,01/06,2,6,02N,JJ-F01,500g Nut Muesli,0,ST
"{'id': ""http://e05.bi.ucc.cit.tum.de/odata/935/Inventory('.1~304')"", 'uri': ""http://e05.bi.ucc.cit.tum.de/odata/935/Inventory('.1~304')"", 'type': 'ZCDS_ODATA_SIMULATION_SRV.Inventory'}",.1~304,304,JJ,01,06,01/06,2,6,02N,JJ-F02,500g Blueberry Muesli,0,ST
"{'id': ""http://e05.bi.ucc.cit.tum.de/odata/935/Inventory('.1~305')"", 'uri': ""http://e05.bi.ucc.cit.tum.de/odata/935/Inventory('.1~305')"", 'type': 'ZCDS_ODATA_SIMULATION_SRV.Inventory'}",.1~305,305,JJ,01,06,01/06,2,6,02N,JJ-F03,500g Strawberry Muesli,0,ST
"{'id': ""http://e05.bi.ucc.cit.tum.de/odata/935/Inventory('.1~306')"", 'uri': ""http://e05.bi.ucc.cit.tum.de/odata/935/Inventory('.1~306')"", 'type': 'ZCDS_ODATA_SIMULATION_SRV.Inventory'}",.1~306,306,JJ,01,06,01/06,2,6,02N,JJ-F04,500g Raisin Muesli,0,ST
"{'id': ""http://e05.bi.ucc.cit.tum.de/odata/935/Inventory('.1~307')"", 'uri': ""http://e05.bi.ucc.cit.tum.de/odata/935/Inventory('.1~307')"", 'type': 'ZCDS_ODATA_SIMULATION_SRV.Inventory'}",.1~307,307,JJ,01,06,01/06,2,6,02N,JJ-F05,500g Original Muesli,0,ST
"{'id': ""http://e05.bi.ucc.cit.tum.de/odata/935/Inventory('.1~308')"", 'uri': ""http://e05.bi.ucc.cit.tum.de/odata/935/Inventory('.1~308')"", 'type': 'ZCDS_ODATA_SIMULATION_SRV.Inventory'}",.1~308,308,JJ,01,06,01/06,2,6,02N,JJ-F06,500g Mixed Fruit Muesli,0,ST
"{'id': ""http://e05.bi.ucc.cit.tum.de/odata/935/Inventory('.1~309')"", 'uri': ""http://e05.bi.ucc.cit.tum.de/odata/935/Inventory('.1~309')"", 'type': 'ZCDS_ODATA_SIMULATION_SRV.Inventory'}",.1~309,309,JJ,01,06,01/06,2,6,02N,JJ-F11,1kg Nut Muesli,0,ST
"{'id': ""http://e05.bi.ucc.cit.tum.de/odata/935/Inventory('.1~310')"", 'uri': ""http://e05.bi.ucc.cit.tum.de/odata/935/Inventory('.1~310')"", 'type': 'ZCDS_ODATA_SIMULATION_SRV.Inventory'}",.1~310,310,JJ,01,06,01/06,2,6,02N,JJ-F12,1kg Blueberry Muesli,0,ST
"{'id': ""http://e05.bi.ucc.cit.tum.de/odata/935/Inventory('.1~311')"", 'uri': ""http://e05.bi.ucc.cit.tum.de/odata/935/Inventory('.1~311')"", 'type': 'ZCDS_ODATA_SIMULATION_SRV.Inventory'}",.1~311,311,JJ,01,06,01/06,2,6,02N,JJ-F13,1kg Strawberry Muesli,0,ST
"{'id': ""http://e05.bi.ucc.cit.tum.de/odata/935/Inventory('.1~312')"", 'uri': ""http://e05.bi.ucc.cit.tum.de/odata/935/Inventory('.1~312')"", 'type': 'ZCDS_ODATA_SIMULATION_SRV.Inventory'}",.1~312,312,JJ,01,06,01/06,2,6,02N,JJ-F14,1kg Raisin Muesli,0,ST
"{'id': ""http://e05.bi.ucc.cit.tum.de/odata/935/Inventory('.1~313')"", 'uri': ""http://e05.bi.ucc.cit.tum.de/odata/935/Inventory('.1~313')"", 'type': 'ZCDS_ODATA_SIMULATION_SRV.Inventory'}",.1~313,313,JJ,01,06,01/06,2,6,02N,JJ-F15,1kg Original Muesli,0,ST
"{'id': ""http://e05.bi.ucc.cit.tum.de/odata/935/Inventory('.1~314')"", 'uri': ""http://e05.bi.ucc.cit.tum.de/odata/935/Inventory('.1~314')"", 'type': 'ZCDS_ODATA_SIMULATION_SRV.Inventory'}",.1~314,314,JJ,01,06,01/06,2,6,02N,JJ-F16,1kg Mixed Fruit Muesli,0,ST
"{'id': ""http://e05.bi.ucc.cit.tum.de/odata/935/Inventory('.1~315')"", 'uri': ""http://e05.bi.ucc.cit.tum.de/odata/935/Inventory('.1~315')"", 'type': 'ZCDS_ODATA_SIMULATION_SRV.Inventory'}",.1~315,315,JJ,01,06,01/06,2,6,02S,JJ-F01,500g Nut Muesli,0,ST
"{'id': ""http://e05.bi.ucc.cit.tum.de/odata/935/Inventory('.1~316')"", 'uri': ""http://e05.bi.ucc.cit.tum.de/odata/935/Inventory('.1~316')"", 'type': 'ZCDS_ODATA_SIMULATION_SRV.Inventory'}",.1~316,316,JJ,01,06,01/06,2,6,02S,JJ-F02,500g Blueberry Muesli,0,ST
"{'id': ""http://e05.bi.ucc.cit.tum.de/odata/935/Inventory('.1~317')"", 'uri': ""http://e05.bi.ucc.cit.tum.de/odata/935/Inventory('.1~317')"", 'type': 'ZCDS_ODATA_SIMULATION_SRV.Inventory'}",.1~317,317,JJ,01,06,01/06,2,6,02S,JJ-F03,500g Strawberry Muesli,0,ST
"{'id': ""http://e05.bi.ucc.cit.tum.de/odata/935/Inventory('.1~318')"", 'uri': ""http://e05.bi.ucc.cit.tum.de/odata/935/Inventory('.1~318')"", 'type': 'ZCDS_ODATA_SIMULATION_SRV.Inventory'}",.1~318,318,JJ,01,06,01/06,2,6,02S,JJ-F04,500g Raisin Muesli,0,ST
"{'id': ""http://e05.bi.ucc.cit.tum.de/odata/935/Inventory('.1~319')"", 'uri': ""http://e05.bi.ucc.cit.tum.de/odata/935/Inventory('.1~319')"", 'type': 'ZCDS_ODATA_SIMULATION_SRV.Inventory'}",.1~319,319,JJ,01,06,01/06,2,6,02S,JJ-F05,500g Original Muesli,0,ST
"{'id': ""http://e05.bi.ucc.cit.tum.de/odata/935/Inventory('.1~320')"", 'uri': ""http://e05.bi.ucc.cit.tum.de/odata/935/Inventory('.1~320')"", 'type': 'ZCDS_ODATA_SIMULATION_SRV.Inventory'}",.1~320,320,JJ,01,06,01/06,2,6,02S,JJ-F06,500g Mixed Fruit Muesli,0,ST
"{'id': ""http://e05.bi.ucc.cit.tum.de/odata/935/Inventory('.1~321')"", 'uri': ""http://e05.bi.ucc.cit.tum.de/odata/935/Inventory('.1~321')"", 'type': 'ZCDS_ODATA_SIMULATION_SRV.Inventory'}",.1~321,321,JJ,01,06,01/06,2,6,02S,JJ-F11,1kg Nut Muesli,0,ST
"{'id': ""http://e05.bi.ucc.cit.tum.de/odata/935/Inventory('.1~322')"", 'uri': ""http://e05.bi.ucc.cit.tum.de/odata/935/Inventory('.1~322')"", 'type': 'ZCDS_ODATA_SIMULATION_SRV.Inventory'}",.1~322,322,JJ,01,06,01/06,2,6,02S,JJ-F12,1kg Blueberry Muesli,0,ST
"{'id': ""http://e05.bi.ucc.cit.tum.de/odata/935/Inventory('.1~323')"", 'uri': ""http://e05.bi.ucc.cit.tum.de/odata/935/Inventory('.1~323')"", 'type': 'ZCDS_ODATA_SIMULATION_SRV.Inventory'}",.1~323,323,JJ,01,06,01/06,2,6,02S,JJ-F13,1kg Strawberry Muesli,0,ST
"{'id': ""http://e05.bi.ucc.cit.tum.de/odata/935/Inventory('.1~324')"", 'uri': ""http://e05.bi.ucc.cit.tum.de/odata/935/Inventory('.1~324')"", 'type': 'ZCDS_ODATA_SIMULATION_SRV.Inventory'}",.1~324,324,JJ,01,06,01/06,2,6,02S,JJ-F14,1kg Raisin Muesli,0,ST
"{'id': ""http://e05.bi.ucc.cit.tum.de/odata/935/Inventory('.1~325')"", 'uri': ""http://e05.bi.ucc.cit.tum.de/odata/935/Inventory('.1~325')"", 'type': 'ZCDS_ODATA_SIMULATION_SRV.Inventory'}",.1~325,325,JJ,01,06,01/06,2,6,02S,JJ-F15,1kg Original Muesli,0,ST
"{'id': ""http://e05.bi.ucc.cit.tum.de/odata/935/Inventory('.1~326')"", 'uri': ""http://e05.bi.ucc.cit.tum.de/odata/935/Inventory('.1~326')"", 'type': 'ZCDS_ODATA_SIMULATION_SRV.Inventory'}",.1~326,326,JJ,01,06,01/06,2,6,02S,JJ-F16,1kg Mixed Fruit Muesli,0,ST
"{'id': ""http://e05.bi.ucc.cit.tum.de/odata/935/Inventory('.1~327')"", 'uri': ""http://e05.bi.ucc.cit.tum.de/odata/935/Inventory('.1~327')"", 'type': 'ZCDS_ODATA_SIMULATION_SRV.Inventory'}",.1~327,327,JJ,01,06,01/06,2,6,02W,JJ-F01,500g Nut Muesli,0,ST
"{'id': ""http://e05.bi.ucc.cit.tum.de/odata/935/Inventory('.1~328')"", 'uri': ""http://e05.bi.ucc.cit.tum.de/odata/935/Inventory('.1~328')"", 'type': 'ZCDS_ODATA_SIMULATION_SRV.Inventory'}",.1~328,328,JJ,01,06,01/06,2,6,02W,JJ-F02,500g Blueberry Muesli,0,ST
"{'id': ""http://e05.bi.ucc.cit.tum.de/odata/935/Inventory('.1~329')"", 'uri': ""http://e05.bi.ucc.cit.tum.de/odata/935/Inventory('.1~329')"", 'type': 'ZCDS_ODATA_SIMULATION_SRV.Inventory'}",.1~329,329,JJ,01,06,01/06,2,6,02W,JJ-F03,500g Strawberry Muesli,0,ST
"{'id': ""http://e05.bi.ucc.cit.tum.de/odata/935/Inventory('.1~330')"", 'uri': ""http://e05.bi.ucc.cit.tum.de/odata/935/Inventory('.1~330')"", 'type': 'ZCDS_ODATA_SIMULATION_SRV.Inventory'}",.1~330,330,JJ,01,06,01/06,2,6,02W,JJ-F04,500g Raisin Muesli,0,ST
"{'id': ""http://e05.bi.ucc.cit.tum.de/odata/935/Inventory('.1~331')"", 'uri': ""http://e05.bi.ucc.cit.tum.de/odata/935/Inventory('.1~331')"", 'type': 'ZCDS_ODATA_SIMULATION_SRV.Inventory'}",.1~331,331,JJ,01,06,01/06,2,6,02W,JJ-F05,500g Original Muesli,0,ST
"{'id': ""http://e05.bi.ucc.cit.tum.de/odata/935/Inventory('.1~332')"", 'uri': ""http://e05.bi.ucc.cit.tum.de/odata/935/Inventory('.1~332')"", 'type': 'ZCDS_ODATA_SIMULATION_SRV.Inventory'}",.1~332,332,JJ,01,06,01/06,2,6,02W,JJ-F06,500g Mixed Fruit Muesli,0,ST
"{'id': ""http://e05.bi.ucc.cit.tum.de/odata/935/Inventory('.1~333')"", 'uri': ""http://e05.bi.ucc.cit.tum.de/odata/935/Inventory('.1~333')"", 'type': 'ZCDS_ODATA_SIMULATION_SRV.Inventory'}",.1~333,333,JJ,01,06,01/06,2,6,02W,JJ-F11,1kg Nut Muesli,0,ST
"{'id': ""http://e05.bi.ucc.cit.tum.de/odata/935/Inventory('.1~334')"", 'uri': ""http://e05.bi.ucc.cit.tum.de/odata/935/Inventory('.1~334')"", 'type': 'ZCDS_ODATA_SIMULATION_SRV.Inventory'}",.1~334,334,JJ,01,06,01/06,2,6,02W,JJ-F12,1kg Blueberry Muesli,0,ST
"{'id': ""http://e05.bi.ucc.cit.tum.de/odata/935/Inventory('.1~335')"", 'uri': ""http://e05.bi.ucc.cit.tum.de/odata/935/Inventory('.1~335')"", 'type': 'ZCDS_ODATA_SIMULATION_SRV.Inventory'}",.1~335,335,JJ,01,06,01/06,2,6,02W,JJ-F13,1kg Strawberry Muesli,0,ST
"{'id': ""http://e05.bi.ucc.cit.tum.de/odata/935/Inventory('.1~336')"", 'uri': ""http://e05.bi.ucc.cit.tum.de/odata/935/Inventory('.1~336')"", 'type': 'ZCDS_ODATA_SIMULATION_SRV.Inventory'}",.1~336,336,JJ,01,06,01/06,2,6,02W,JJ-F14,1kg Raisin Muesli,0,ST
"{'id': ""http://e05.bi.ucc.cit.tum.de/odata/935/Inventory('.1~337')"", 'uri': ""http://e05.bi.ucc.cit.tum.de/odata/935/Inventory('.1~337')"", 'type': 'ZCDS_ODATA_SIMULATION_SRV.Inventory'}",.1~337,337,JJ,01,06,01/06,2,6,02W,JJ-F15,1kg Original Muesli,0,ST
"{'id': ""http://e05.bi.ucc.cit.tum.de/odata/935/Inventory('.1~338')"", 'uri': ""http://e05.bi.ucc.cit.tum.de/odata/935/Inventory('.1~338')"", 'type': 'ZCDS_ODATA_SIMULATION_SRV.Inventory'}",.1~338,338,JJ,01,06,01/06,2,6,02W,JJ-F16,1kg Mixed Fruit Muesli,0,ST
"{'id': ""http://e05.bi.ucc.cit.tum.de/odata/935/Inventory('.1~339')"", 'uri': ""http://e05.bi.ucc.cit.tum.de/odata/935/Inventory('.1~339')"", 'type': 'ZCDS_ODATA_SIMULATION_SRV.Inventory'}",.1~339,339,JJ,01,06,01/06,2,6,88,JJ-P01,Large Box (1kg),0,ST
"{'id': ""http://e05.bi.ucc.cit.tum.de/odata/935/Inventory('.1~340')"", 'uri': ""http://e05.bi.ucc.cit.tum.de/odata/935/Inventory('.1~340')"", 'type': 'ZCDS_ODATA_SIMULATION_SRV.Inventory'}",.1~340,340,JJ,01,06,01/06,2,6,88,JJ-P02,Large Bag (1kg),0,ST
"{'id': ""http://e05.bi.ucc.cit.tum.de/odata/935/Inventory('.1~341')"", 'uri': ""http://e05.bi.ucc.cit.tum.de/odata/935/Inventory('.1~341')"", 'type': 'ZCDS_ODATA_SIMULATION_SRV.Inventory'}",.1~341,341,JJ,01,06,01/06,2,6,88,JJ-P03,Small Box (500g),0,ST
"{'id': ""http://e05.bi.ucc.cit.tum.de/odata/935/Inventory('.1~342')"", 'uri': ""http://e05.bi.ucc.cit.tum.de/odata/935/Inventory('.1~342')"", 'type': 'ZCDS_ODATA_SIMULATION_SRV.Inventory'}",.1~342,342,JJ,01,06,01/06,2,6,88,JJ-P04,Small Bag (500g),0,ST
"{'id': ""http://e05.bi.ucc.cit.tum.de/odata/935/Inventory('.1~343')"", 'uri': ""http://e05.bi.ucc.cit.tum.de/odata/935/Inventory('.1~343')"", 'type': 'ZCDS_ODATA_SIMULATION_SRV.Inventory'}",.1~343,343,JJ,01,06,01/06,2,6,88,JJ-R01,Nuts,0.000,KG
"{'id': ""http://e05.bi.ucc.cit.tum.de/odata/935/Inventory('.1~344')"", 'uri': ""http://e05.bi.ucc.cit.tum.de/odata/935/Inventory('.1~344')"", 'type': 'ZCDS_ODATA_SIMULATION_SRV.Inventory'}",.1~344,344,JJ,01,06,01/06,2,6,88,JJ-R02,Blueberries,0.000,KG
"{'id': ""http://e05.bi.ucc.cit.tum.de/odata/935/Inventory('.1~345')"", 'uri': ""http://e05.bi.ucc.cit.tum.de/odata/935/Inventory('.1~345')"", 'type': 'ZCDS_ODATA_SIMULATION_SRV.Inventory'}",.1~345,345,JJ,01,06,01/06,2,6,88,JJ-R03,Strawberries,0.000,KG
"{'id': ""http://e05.bi.ucc.cit.tum.de/odata/935/Inventory('.1~346')"", 'uri': ""http://e05.bi.ucc.cit.tum.de/odata/935/Inventory('.1~346')"", 'type': 'ZCDS_ODATA_SIMULATION_SRV.Inventory'}",.1~346,346,JJ,01,06,01/06,2,6,88,JJ-R04,Raisins,0.000,KG
"{'id': ""http://e05.bi.ucc.cit.tum.de/odata/935/Inventory('.1~347')"", 'uri': ""http://e05.bi.ucc.cit.tum.de/odata/935/Inventory('.1~347')"", 'type': 'ZCDS_ODATA_SIMULATION_SRV.Inventory'}",.1~347,347,JJ,01,06,01/06,2,6,88,JJ-R05,Wheat,0.000,KG
"{'id': ""http://e05.bi.ucc.cit.tum.de/odata/935/Inventory('.1~348')"", 'uri': ""http://e05.bi.ucc.cit.tum.de/odata/935/Inventory('.1~348')"", 'type': 'ZCDS_ODATA_SIMULATION_SRV.Inventory'}",.1~348,348,JJ,01,06,01/06,2,6,88,JJ-R06,Oats,0.000,KG
